# unix_time, cycles_done, cur_path, paths_total, pending_total, pending_favs, map_size, unique_crashes, unique_hangs, max_depth, execs_per_sec
1483119098, 0, 0, 1257, 1257, 318, 13.66%, 0, 0, 1, 248.43
1483119103, 0, 1, 1257, 1257, 318, 13.66%, 0, 0, 1, 1797.59
1483119118, 0, 1, 1315, 1314, 317, 13.69%, 0, 0, 1, 237.02
1483119124, 0, 1, 1422, 1421, 317, 13.75%, 0, 0, 1, 255.99
1483119129, 0, 1, 1527, 1526, 317, 13.76%, 0, 0, 1, 264.89
1483119134, 0, 1, 1604, 1603, 317, 13.78%, 0, 0, 1, 268.34
1483119139, 0, 1, 1619, 1618, 317, 13.78%, 0, 0, 1, 241.08
1483119144, 0, 1, 1624, 1623, 317, 13.78%, 0, 0, 1, 222.89
1483119149, 0, 1, 1630, 1629, 317, 13.78%, 0, 0, 1, 247.21
1483119154, 0, 1, 1634, 1633, 317, 13.78%, 0, 0, 1, 250.10
1483119175, 0, 2, 1634, 1633, 343, 13.78%, 0, 0, 1, 1608.03
1483119185, 0, 3, 1634, 1632, 342, 13.78%, 0, 0, 1, 1725.26
1483119215, 0, 5, 1634, 1631, 341, 13.78%, 0, 1, 1, 1170.85
1483119345, 0, 5, 1634, 1631, 341, 13.78%, 0, 2, 1, 671.87
1483119638, 0, 5, 1637, 1634, 341, 13.78%, 0, 2, 2, 53.24
1483119972, 0, 5, 1637, 1634, 341, 13.78%, 0, 4, 2, 839.12
1483120304, 0, 5, 1637, 1634, 341, 13.78%, 1, 6, 2, 1261.33
1483120622, 0, 6, 1637, 1633, 340, 13.78%, 1, 6, 2, 1230.44
1483120642, 0, 7, 1637, 1632, 339, 13.78%, 1, 6, 2, 1703.93
1483120652, 0, 7, 1680, 1674, 338, 13.81%, 1, 6, 2, 140.74
1483120657, 0, 7, 1753, 1747, 338, 13.85%, 1, 6, 2, 61.56
1483120663, 0, 7, 1797, 1791, 338, 13.87%, 1, 7, 2, 74.24
1483120668, 0, 7, 1856, 1850, 338, 13.89%, 1, 7, 2, 113.91
1483120673, 0, 7, 1924, 1918, 338, 13.91%, 1, 7, 2, 250.75
1483120678, 0, 7, 1950, 1944, 338, 13.91%, 1, 8, 2, 192.65
1483120683, 0, 7, 1951, 1945, 338, 13.91%, 1, 8, 2, 97.52
1483120693, 0, 7, 1952, 1946, 338, 13.91%, 1, 8, 2, 156.76
1483120699, 0, 9, 1953, 1946, 374, 13.91%, 1, 8, 2, 1738.64
1483120709, 0, 14, 1953, 1943, 371, 13.91%, 1, 8, 2, 1717.65
1483120735, 0, 16, 1954, 1943, 370, 13.91%, 1, 8, 2, 1646.39
1483120745, 0, 19, 1954, 1942, 369, 13.91%, 1, 8, 2, 1683.05
1483120775, 0, 22, 1954, 1940, 367, 13.91%, 1, 8, 2, 1562.79
1483120821, 0, 23, 1954, 1939, 366, 13.91%, 1, 8, 2, 1662.86
1483120826, 0, 24, 1958, 1942, 365, 13.91%, 1, 8, 2, 628.87
1483122087, 0, 26, 1958, 1941, 364, 13.91%, 1, 8, 2, 1186.33
1483122093, 0, 30, 1958, 1940, 363, 13.91%, 1, 8, 2, 1597.78
1483122098, 0, 31, 1958, 1939, 362, 13.91%, 1, 8, 2, 1632.72
1483122144, 0, 32, 1958, 1938, 361, 13.91%, 1, 8, 2, 1616.27
1483122190, 0, 32, 1980, 1959, 360, 13.95%, 1, 8, 2, 87.47
1483122195, 0, 32, 2014, 1993, 360, 13.96%, 1, 8, 2, 54.70
1483122200, 0, 34, 2016, 1995, 364, 13.96%, 1, 8, 2, 1619.19
1483122251, 0, 35, 2016, 1994, 363, 13.96%, 1, 8, 2, 1622.47
1483122281, 0, 37, 2016, 1993, 362, 13.96%, 1, 8, 2, 1672.22
1483122296, 0, 43, 2016, 1992, 361, 13.96%, 1, 8, 2, 1685.18
1483122332, 0, 49, 2016, 1991, 360, 13.96%, 1, 8, 2, 1692.32
1483122337, 0, 50, 2025, 1999, 359, 13.96%, 1, 8, 2, 1256.10
1483122353, 0, 62, 2025, 1997, 357, 13.96%, 1, 8, 2, 1638.83
1483122404, 0, 66, 2025, 1996, 356, 13.96%, 1, 8, 2, 1544.82
1483122552, 0, 68, 2025, 1995, 355, 13.96%, 1, 8, 2, 1161.97
1483122705, 0, 68, 2026, 1996, 355, 13.96%, 1, 8, 2, 647.55
1483123205, 0, 68, 2026, 1996, 355, 13.96%, 1, 9, 2, 793.87
1483123757, 0, 68, 2071, 2040, 354, 13.97%, 1, 9, 2, 28.30
1483123762, 0, 69, 2109, 2078, 357, 13.97%, 1, 9, 2, 1338.98
1483123819, 0, 70, 2109, 2077, 356, 13.97%, 1, 9, 2, 1244.38
1483124079, 0, 72, 2109, 2076, 355, 13.97%, 1, 9, 2, 1210.83
1483124110, 0, 73, 2109, 2075, 354, 13.97%, 1, 9, 2, 1614.36
1483124136, 0, 82, 2109, 2074, 353, 13.97%, 1, 9, 2, 1646.88
1483124166, 0, 90, 2120, 2084, 352, 13.97%, 1, 9, 2, 1580.00
1483124181, 0, 92, 2120, 2083, 351, 13.97%, 1, 9, 2, 1447.76
1483124232, 0, 93, 2120, 2082, 350, 13.97%, 1, 9, 2, 1560.70
1483124319, 0, 99, 2120, 2081, 349, 13.97%, 1, 9, 2, 1516.90
1483124380, 0, 101, 2120, 2080, 348, 13.97%, 1, 9, 2, 1396.13
1483124441, 0, 105, 2122, 2081, 347, 13.97%, 1, 9, 2, 1475.78
1483124481, 0, 106, 2122, 2080, 346, 13.97%, 1, 9, 2, 1461.84
1483124564, 0, 107, 2122, 2079, 345, 13.97%, 1, 9, 2, 1532.12
1483124594, 0, 110, 2122, 2078, 344, 13.97%, 1, 10, 2, 1361.27
1483124890, 0, 117, 2122, 2077, 343, 13.97%, 1, 10, 2, 1419.80
1483124951, 0, 118, 2137, 2091, 342, 13.97%, 1, 10, 2, 1735.00
1483124971, 0, 121, 2137, 2090, 341, 13.97%, 1, 10, 2, 334.55
1483124976, 0, 121, 2137, 2090, 341, 13.97%, 2, 11, 2, 305.58
1483125047, 0, 121, 2137, 2090, 341, 13.97%, 2, 12, 2, 407.32
1483125150, 0, 121, 2137, 2090, 341, 13.97%, 2, 13, 2, 927.02
1483125196, 0, 126, 2137, 2089, 340, 13.97%, 2, 13, 2, 784.59
1483125257, 0, 127, 2137, 2088, 339, 13.97%, 2, 13, 2, 1609.04
1483125297, 0, 136, 2137, 2087, 338, 13.97%, 2, 13, 2, 1511.88
1483125339, 0, 140, 2148, 2097, 338, 13.97%, 2, 13, 2, 1170.99
1483125411, 0, 145, 2148, 2096, 337, 13.97%, 2, 13, 2, 1399.83
1483125487, 0, 147, 2148, 2095, 336, 13.97%, 2, 13, 2, 1581.69
1483125533, 0, 154, 2148, 2094, 335, 13.97%, 2, 13, 2, 1564.98
1483125707, 0, 157, 2148, 2093, 334, 13.97%, 2, 13, 2, 1602.35
1483125722, 0, 159, 2153, 2097, 333, 13.97%, 2, 13, 2, 1509.55
1483126068, 0, 162, 2153, 2096, 332, 13.97%, 2, 13, 2, 1052.12
1483126160, 0, 164, 2153, 2095, 331, 13.97%, 2, 13, 2, 1075.22
1483126262, 0, 167, 2153, 2094, 330, 13.97%, 2, 13, 2, 1388.96
1483126328, 0, 172, 2153, 2093, 329, 13.97%, 2, 13, 2, 1288.78
1483126900, 0, 172, 2153, 2093, 329, 13.97%, 4, 13, 2, 1233.55
1483126926, 0, 172, 2153, 2093, 329, 13.97%, 6, 13, 2, 1247.71
1483127079, 0, 174, 2183, 2122, 326, 13.97%, 6, 13, 2, 1531.28
1483127141, 0, 175, 2183, 2121, 325, 13.97%, 6, 13, 2, 1107.86
1483127212, 0, 175, 2183, 2121, 325, 13.97%, 7, 13, 2, 907.69
1483127257, 0, 176, 2183, 2120, 324, 13.97%, 7, 13, 2, 1036.09
1483127374, 0, 176, 2184, 2121, 324, 13.97%, 7, 13, 2, 1142.19
1483127385, 0, 176, 2185, 2122, 324, 13.97%, 7, 13, 2, 1107.10
1483127431, 0, 176, 2186, 2123, 324, 13.97%, 7, 13, 2, 1331.32
1483127456, 0, 178, 2186, 2122, 323, 13.97%, 7, 13, 2, 1215.48
1483127656, 0, 185, 2186, 2121, 322, 13.97%, 7, 13, 2, 1182.22
1483127866, 0, 185, 2200, 2134, 321, 14.00%, 7, 13, 2, 29.05
1483127871, 0, 195, 2204, 2138, 321, 14.00%, 7, 13, 2, 1471.91
1483127901, 0, 198, 2204, 2137, 320, 14.00%, 7, 13, 2, 272.95
1483128722, 0, 198, 2204, 2137, 320, 14.00%, 8, 13, 2, 1156.23
1483128895, 0, 200, 2204, 2136, 319, 14.00%, 8, 13, 2, 1087.59
1483128921, 0, 212, 2204, 2135, 318, 14.00%, 8, 13, 2, 1671.98
1483128946, 0, 214, 2204, 2134, 317, 14.00%, 8, 13, 2, 527.93
1483128982, 0, 214, 2234, 2163, 316, 14.00%, 8, 13, 2, 260.41
1483128987, 0, 220, 2234, 2163, 316, 14.00%, 8, 13, 2, 536.72
1483129079, 0, 220, 2234, 2163, 316, 14.00%, 9, 13, 2, 866.67
1483129130, 0, 223, 2234, 2162, 315, 14.00%, 9, 13, 2, 1315.77
1483129176, 0, 224, 2234, 2161, 314, 14.00%, 9, 13, 2, 1643.72
1483129207, 0, 231, 2234, 2160, 313, 14.00%, 9, 13, 2, 1460.56
1483129267, 0, 232, 2234, 2159, 312, 14.00%, 9, 13, 2, 1443.08
1483130754, 0, 233, 2255, 2179, 311, 14.00%, 9, 13, 2, 1160.58
1483130825, 0, 239, 2255, 2178, 310, 14.00%, 9, 13, 2, 1192.67
1483130876, 0, 239, 2255, 2178, 310, 14.00%, 9, 14, 2, 1055.95
1483130896, 0, 240, 2255, 2177, 309, 14.00%, 9, 14, 2, 1013.45
1483130901, 0, 240, 2256, 2178, 309, 14.00%, 9, 14, 2, 700.73
1483131054, 0, 241, 2256, 2177, 308, 14.00%, 9, 14, 2, 1219.90
1483131105, 0, 245, 2256, 2176, 307, 14.00%, 9, 14, 2, 1531.16
1483131130, 0, 250, 2257, 2176, 306, 14.00%, 9, 15, 2, 1456.32
1483131191, 0, 251, 2257, 2175, 305, 14.00%, 9, 15, 2, 1501.28
1483131252, 0, 252, 2257, 2174, 304, 14.00%, 9, 15, 2, 1548.12
1483131298, 0, 255, 2257, 2173, 303, 14.00%, 9, 15, 2, 1540.86
1483131364, 0, 258, 2257, 2172, 302, 14.00%, 9, 15, 2, 1502.29
1483131414, 0, 264, 2258, 2172, 302, 14.00%, 9, 15, 2, 244.66
1483131705, 0, 270, 2258, 2171, 301, 14.00%, 9, 15, 2, 1363.71
1483131751, 0, 271, 2258, 2170, 300, 14.00%, 9, 15, 2, 1132.60
1483132033, 0, 272, 2258, 2169, 299, 14.00%, 9, 15, 2, 940.55
1483132089, 0, 274, 2258, 2168, 298, 14.00%, 9, 15, 2, 1249.72
1483132714, 0, 281, 2273, 2182, 297, 14.00%, 9, 15, 2, 1144.73
1483132887, 0, 284, 2273, 2181, 296, 14.00%, 9, 15, 2, 1178.12
1483132924, 0, 285, 2273, 2180, 295, 14.00%, 9, 15, 2, 1614.84
1483132964, 0, 286, 2273, 2179, 294, 14.00%, 9, 15, 2, 1633.62
1483133000, 0, 288, 2273, 2178, 293, 14.00%, 9, 15, 2, 1680.99
1483133005, 0, 291, 2278, 2182, 293, 14.00%, 9, 15, 2, 1417.34
1483133061, 0, 305, 2278, 2181, 292, 14.00%, 9, 15, 2, 1363.32
1483133066, 0, 305, 2278, 2181, 292, 14.00%, 9, 16, 2, 1290.61
1483133086, 0, 305, 2278, 2181, 292, 14.00%, 9, 17, 2, 694.30
1483133157, 0, 307, 2278, 2180, 291, 14.00%, 9, 17, 2, 804.52
1483133342, 0, 312, 2278, 2179, 290, 14.00%, 9, 17, 2, 1333.98
1483133362, 0, 320, 2278, 2178, 289, 14.00%, 9, 17, 2, 1651.04
1483133393, 0, 321, 2281, 2180, 288, 14.00%, 9, 17, 2, 1608.86
1483133439, 0, 322, 2282, 2180, 287, 14.00%, 9, 17, 2, 209.13
1483133444, 0, 322, 2282, 2180, 287, 14.00%, 9, 18, 2, 199.59
1483133474, 0, 322, 2283, 2181, 287, 14.00%, 9, 18, 2, 194.77
1483133689, 0, 322, 2283, 2181, 287, 14.00%, 9, 19, 2, 235.49
1483133797, 0, 326, 2283, 2180, 285, 14.00%, 9, 19, 2, 396.36
1483133838, 0, 326, 2283, 2180, 285, 14.00%, 9, 20, 2, 312.78
1483134016, 0, 326, 2283, 2180, 285, 14.00%, 9, 21, 2, 692.85
1483134037, 0, 326, 2284, 2181, 285, 14.00%, 9, 21, 2, 431.07
1483134078, 0, 336, 2284, 2180, 285, 14.00%, 9, 21, 2, 1473.21
1483134098, 0, 344, 2284, 2179, 284, 14.00%, 9, 21, 2, 1476.61
1483134190, 0, 344, 2287, 2181, 283, 14.00%, 9, 21, 2, 60.22
1483134195, 0, 345, 2289, 2183, 283, 14.00%, 9, 21, 2, 1580.16
1483134241, 0, 347, 2289, 2182, 282, 14.00%, 9, 21, 2, 1643.11
1483134262, 0, 348, 2289, 2181, 281, 14.00%, 9, 21, 2, 1010.91
1483134819, 0, 352, 2289, 2180, 280, 14.00%, 9, 21, 2, 1279.43
1483134834, 0, 375, 2289, 2179, 279, 14.00%, 9, 21, 2, 690.45
1483134916, 0, 375, 2318, 2207, 278, 14.11%, 9, 21, 2, 1372.02
1483134921, 0, 378, 2338, 2227, 313, 14.15%, 9, 21, 2, 48.80
1483134931, 0, 378, 2339, 2228, 313, 14.15%, 9, 21, 2, 37.04
1483135338, 0, 378, 2339, 2228, 313, 14.15%, 9, 22, 2, 76.02
1483136010, 0, 379, 2339, 2227, 313, 14.15%, 9, 22, 2, 533.37
1483136107, 0, 379, 2339, 2227, 313, 14.15%, 10, 22, 2, 768.64
1483136153, 0, 381, 2339, 2226, 312, 14.15%, 10, 22, 2, 1517.40
1483136203, 0, 388, 2339, 2225, 311, 14.15%, 10, 22, 2, 1351.36
1483136315, 0, 389, 2339, 2224, 310, 14.15%, 10, 22, 2, 1464.87
1483136356, 0, 390, 2357, 2241, 317, 14.18%, 10, 22, 2, 1550.82
1483136397, 0, 392, 2357, 2240, 316, 14.18%, 10, 22, 2, 1269.60
1483136509, 0, 393, 2357, 2239, 315, 14.18%, 10, 22, 2, 1538.07
1483136570, 0, 395, 2357, 2238, 314, 14.18%, 10, 22, 2, 1615.75
1483136595, 0, 400, 2357, 2237, 313, 14.18%, 10, 22, 2, 1652.69
1483136600, 0, 402, 2357, 2236, 312, 14.18%, 10, 22, 2, 1559.03
1483136646, 0, 402, 2357, 2236, 312, 14.18%, 10, 23, 2, 319.26
1483136886, 0, 406, 2357, 2235, 311, 14.18%, 10, 23, 2, 1172.59
1483136953, 0, 410, 2357, 2234, 310, 14.18%, 10, 23, 2, 1345.85
1483137116, 0, 415, 2357, 2233, 309, 14.18%, 10, 23, 2, 1293.50
1483137147, 0, 418, 2357, 2232, 308, 14.18%, 10, 23, 2, 1598.41
1483137188, 0, 423, 2360, 2234, 307, 14.18%, 10, 23, 2, 1632.87
1483137209, 0, 426, 2360, 2233, 306, 14.18%, 10, 24, 2, 1455.63
1483137285, 0, 427, 2360, 2232, 305, 14.18%, 10, 24, 2, 1599.87
1483137316, 0, 434, 2360, 2231, 304, 14.18%, 10, 24, 2, 1657.26
1483137377, 0, 436, 2360, 2230, 303, 14.18%, 10, 24, 2, 1609.51
1483137397, 0, 437, 2360, 2229, 302, 14.18%, 10, 24, 2, 977.19
1483138117, 0, 440, 2360, 2228, 301, 14.18%, 10, 24, 2, 753.67
1483138614, 0, 441, 2360, 2227, 300, 14.18%, 10, 24, 2, 1281.16
1483138624, 0, 445, 2360, 2226, 299, 14.18%, 10, 24, 2, 1591.24
1483138685, 0, 448, 2360, 2225, 298, 14.18%, 10, 24, 2, 1461.28
1483138747, 0, 451, 2368, 2232, 300, 14.20%, 10, 24, 2, 1332.70
1483138772, 0, 451, 2368, 2232, 300, 14.20%, 10, 25, 2, 1288.69
1483138839, 0, 454, 2368, 2231, 299, 14.20%, 10, 25, 2, 1468.73
1483138904, 0, 470, 2368, 2230, 298, 14.20%, 10, 25, 2, 300.88
1483138909, 0, 470, 2368, 2230, 298, 14.20%, 10, 26, 2, 74.77
1483138977, 0, 475, 2368, 2229, 297, 14.20%, 10, 26, 2, 833.16
1483139044, 0, 479, 2368, 2228, 296, 14.20%, 10, 26, 2, 1058.99
1483139161, 0, 482, 2370, 2229, 295, 14.20%, 10, 26, 2, 946.26
1483139278, 0, 482, 2370, 2229, 295, 14.20%, 11, 26, 2, 766.26
1483139334, 0, 483, 2370, 2228, 294, 14.20%, 11, 26, 2, 703.44
1483139507, 0, 486, 2370, 2227, 293, 14.20%, 11, 26, 2, 920.00
1483139584, 0, 496, 2370, 2226, 292, 14.20%, 11, 26, 2, 1408.39
1483139666, 0, 508, 2370, 2225, 291, 14.20%, 11, 26, 2, 1121.14
1483143084, 0, 513, 2393, 2247, 298, 14.22%, 11, 26, 2, 566.30
1483143160, 0, 513, 2393, 2247, 298, 14.22%, 12, 26, 2, 856.19
1483143211, 0, 514, 2393, 2246, 297, 14.22%, 15, 26, 2, 1159.77
1483143247, 0, 514, 2393, 2246, 297, 14.22%, 16, 26, 2, 1258.10
1483143252, 0, 514, 2393, 2246, 297, 14.22%, 17, 26, 2, 1207.15
1483143262, 0, 514, 2393, 2246, 297, 14.22%, 18, 26, 2, 1250.85
1483143328, 0, 514, 2393, 2246, 297, 14.22%, 19, 26, 2, 1383.96
1483143354, 0, 521, 2393, 2245, 296, 14.22%, 19, 26, 2, 1388.51
1483143390, 0, 528, 2393, 2244, 295, 14.22%, 19, 26, 2, 986.08
1483143441, 0, 533, 2393, 2243, 294, 14.22%, 19, 26, 2, 1470.15
1483143482, 0, 539, 2400, 2249, 294, 14.22%, 19, 26, 2, 1476.36
1483143579, 0, 541, 2400, 2248, 293, 14.22%, 19, 26, 2, 802.14
1483143853, 0, 545, 2400, 2247, 292, 14.22%, 19, 26, 2, 708.56
1483143889, 0, 546, 2400, 2246, 291, 14.22%, 19, 26, 2, 1166.27
1483143904, 0, 546, 2400, 2246, 291, 14.22%, 19, 27, 2, 80.83
1483143909, 0, 546, 2400, 2246, 291, 14.22%, 19, 28, 2, 1096.77
1483143940, 0, 548, 2400, 2245, 290, 14.22%, 19, 28, 2, 249.66
1483144225, 0, 551, 2407, 2251, 290, 14.22%, 19, 28, 2, 1244.80
1483144256, 0, 553, 2407, 2250, 289, 14.22%, 19, 28, 2, 993.08
1483144327, 0, 555, 2407, 2249, 288, 14.22%, 19, 28, 2, 1436.98
1483144358, 0, 556, 2407, 2248, 287, 14.22%, 19, 28, 2, 1388.41
1483144383, 0, 560, 2407, 2247, 286, 14.22%, 19, 28, 2, 1628.59
1483144398, 0, 561, 2407, 2246, 285, 14.22%, 19, 28, 2, 1611.46
1483144444, 0, 563, 2407, 2245, 284, 14.22%, 19, 28, 2, 1229.68
1483144490, 0, 572, 2407, 2244, 283, 14.22%, 19, 28, 2, 253.54
1483144582, 0, 573, 2407, 2243, 282, 14.22%, 19, 28, 2, 1430.52
1483144638, 0, 574, 2407, 2242, 281, 14.22%, 19, 28, 2, 1162.88
1483144643, 0, 574, 2407, 2242, 281, 14.22%, 19, 29, 2, 545.99
1483144811, 0, 576, 2409, 2243, 280, 14.22%, 19, 29, 2, 1021.32
1483144862, 0, 578, 2409, 2242, 279, 14.22%, 19, 29, 2, 147.11
1483145420, 0, 583, 2409, 2241, 278, 14.22%, 19, 29, 2, 837.78
1483145563, 0, 583, 2409, 2241, 278, 14.22%, 20, 29, 2, 1258.17
1483145593, 0, 587, 2409, 2240, 277, 14.22%, 20, 29, 2, 93.92
1483145629, 0, 587, 2410, 2241, 277, 14.22%, 20, 29, 2, 34.13
1483145998, 0, 587, 2412, 2243, 277, 14.22%, 20, 29, 2, 35.73
1483146770, 0, 588, 2412, 2242, 276, 14.22%, 20, 30, 2, 431.60
1483146938, 0, 611, 2424, 2253, 280, 14.23%, 20, 30, 2, 1155.36
1483146943, 0, 611, 2424, 2253, 280, 14.23%, 21, 30, 2, 1032.05
1483147050, 0, 611, 2424, 2253, 280, 14.23%, 22, 30, 2, 1249.23
1483147055, 0, 619, 2424, 2252, 280, 14.23%, 22, 30, 2, 1228.78
1483147142, 0, 622, 2424, 2251, 279, 14.23%, 22, 30, 2, 1387.83
1483147147, 0, 622, 2424, 2251, 279, 14.23%, 22, 31, 2, 1257.77
1483147203, 0, 629, 2424, 2250, 278, 14.23%, 22, 31, 2, 1469.46
1483147259, 0, 659, 2424, 2249, 277, 14.23%, 22, 31, 2, 1629.32
1483147264, 0, 671, 2424, 2248, 276, 14.23%, 22, 31, 2, 1232.88
1483147310, 0, 672, 2424, 2247, 275, 14.23%, 22, 31, 2, 1418.48
1483147366, 0, 684, 2424, 2246, 274, 14.23%, 22, 31, 2, 1472.92
1483147442, 0, 690, 2424, 2245, 273, 14.23%, 22, 32, 2, 193.64
1483147560, 0, 693, 2424, 2244, 273, 14.23%, 22, 32, 2, 878.59
1483147987, 0, 702, 2425, 2244, 272, 14.23%, 22, 32, 2, 932.21
1483148038, 0, 718, 2425, 2243, 271, 14.23%, 22, 32, 2, 917.29
1483148043, 0, 718, 2425, 2243, 271, 14.23%, 23, 32, 2, 475.16
1483148186, 0, 722, 2425, 2242, 270, 14.23%, 23, 32, 2, 1275.36
1483148247, 0, 730, 2425, 2241, 269, 14.23%, 23, 32, 2, 1529.64
1483148390, 0, 746, 2425, 2240, 268, 14.23%, 23, 32, 2, 1508.08
1483148456, 0, 746, 2426, 2240, 267, 14.23%, 23, 32, 2, 19.32
1483148461, 0, 762, 2428, 2242, 268, 14.23%, 24, 32, 2, 1204.10
1483148558, 0, 774, 2428, 2241, 267, 14.23%, 24, 32, 2, 1483.87
1483148768, 0, 781, 2428, 2240, 266, 14.23%, 24, 32, 2, 1474.14
1483148834, 0, 790, 2428, 2239, 265, 14.23%, 24, 32, 2, 1404.67
1483148905, 0, 791, 2428, 2238, 264, 14.23%, 24, 32, 2, 242.00
1483149252, 0, 800, 2431, 2240, 263, 14.23%, 25, 32, 2, 982.58
1483149262, 0, 800, 2431, 2240, 263, 14.23%, 26, 32, 2, 1248.08
1483149272, 0, 800, 2431, 2240, 263, 14.23%, 27, 32, 2, 1220.06
1483149343, 0, 802, 2431, 2239, 262, 14.23%, 27, 32, 2, 1320.29
1483149439, 0, 808, 2431, 2238, 261, 14.23%, 27, 32, 2, 1438.90
1483149470, 0, 813, 2431, 2237, 260, 14.23%, 27, 32, 2, 902.04
1483149475, 0, 813, 2431, 2237, 260, 14.23%, 28, 33, 2, 322.82
1483149552, 0, 813, 2431, 2237, 260, 14.23%, 28, 34, 2, 467.66
1483149726, 0, 815, 2431, 2236, 259, 14.23%, 28, 34, 2, 575.56
1483149731, 0, 815, 2431, 2236, 259, 14.23%, 29, 34, 2, 382.53
1483149942, 0, 820, 2432, 2236, 258, 14.23%, 29, 34, 2, 1248.98
1483150014, 0, 825, 2432, 2235, 257, 14.23%, 29, 34, 2, 1262.16
1483150152, 0, 827, 2432, 2234, 256, 14.23%, 30, 34, 2, 1488.40
1483150203, 0, 830, 2432, 2233, 255, 14.23%, 30, 34, 2, 1401.90
1483150264, 0, 836, 2432, 2232, 254, 14.23%, 30, 34, 2, 1264.83
1483150366, 0, 839, 2433, 2232, 253, 14.23%, 30, 34, 2, 1189.43
1483150519, 0, 842, 2433, 2231, 253, 14.23%, 30, 34, 2, 1175.30
1483150611, 0, 847, 2433, 2230, 252, 14.23%, 30, 34, 2, 1242.59
1483150688, 0, 848, 2433, 2229, 252, 14.23%, 30, 34, 2, 1076.15
1483150693, 0, 848, 2434, 2230, 252, 14.23%, 31, 34, 2, 227.63
1483150698, 0, 848, 2434, 2230, 252, 14.23%, 31, 35, 2, 189.77
1483150811, 0, 848, 2434, 2230, 252, 14.23%, 31, 36, 2, 295.86
1483150990, 0, 853, 2434, 2229, 252, 14.23%, 31, 36, 2, 821.57
1483151077, 0, 866, 2437, 2231, 250, 14.24%, 31, 36, 2, 1311.38
1483151159, 0, 882, 2437, 2230, 249, 14.24%, 31, 36, 2, 268.36
1483152079, 0, 885, 2437, 2229, 248, 14.24%, 31, 36, 2, 799.43
1483152151, 0, 891, 2437, 2228, 247, 14.24%, 31, 36, 2, 1240.35
1483152247, 0, 895, 2437, 2227, 246, 14.24%, 31, 36, 2, 1242.57
1483153601, 0, 895, 2438, 2228, 246, 14.24%, 31, 36, 2, 300.90
1483154049, 0, 895, 2449, 2238, 245, 14.24%, 31, 36, 2, 65.76
1483154054, 0, 896, 2449, 2238, 247, 14.24%, 33, 36, 2, 1261.54
1483154059, 0, 896, 2449, 2238, 247, 14.24%, 34, 36, 2, 1268.19
1483154140, 0, 897, 2449, 2237, 246, 14.24%, 34, 36, 2, 1106.60
1483154166, 0, 897, 2449, 2237, 246, 14.24%, 34, 37, 2, 46.03
1483154243, 0, 901, 2449, 2236, 245, 14.24%, 34, 37, 2, 1293.36
1483154576, 0, 902, 2449, 2235, 244, 14.24%, 34, 37, 2, 150.06
1483154632, 0, 902, 2450, 2236, 244, 14.24%, 35, 37, 2, 136.86
1483155047, 0, 906, 2450, 2235, 244, 14.24%, 35, 37, 2, 764.80
1483155947, 0, 907, 2453, 2237, 243, 14.24%, 35, 37, 2, 154.31
1483156066, 0, 907, 2453, 2237, 243, 14.24%, 36, 37, 2, 1071.07
1483156102, 0, 914, 2453, 2236, 242, 14.24%, 36, 37, 2, 10.95
1483156137, 0, 914, 2453, 2236, 242, 14.24%, 36, 39, 2, 11.02
1483156982, 0, 914, 2453, 2236, 242, 14.24%, 36, 40, 2, 11.64
1483159982, 0, 914, 2453, 2236, 242, 14.24%, 36, 41, 2, 12.17
1483161173, 0, 922, 2453, 2235, 241, 14.24%, 36, 41, 2, 1037.10
1483161229, 0, 922, 2454, 2236, 241, 14.24%, 36, 41, 2, 991.91
1483161534, 0, 925, 2454, 2235, 241, 14.24%, 36, 41, 2, 1221.12
1483161641, 0, 937, 2454, 2234, 240, 14.24%, 36, 41, 2, 1319.46
1483162166, 0, 939, 2465, 2244, 241, 14.25%, 36, 41, 2, 964.26
1483162187, 0, 939, 2465, 2244, 241, 14.25%, 36, 42, 2, 80.92
1483162245, 0, 960, 2465, 2243, 240, 14.25%, 36, 42, 2, 970.12
1483163805, 0, 965, 2465, 2242, 240, 14.25%, 36, 42, 2, 566.00
1483165873, 0, 971, 2465, 2241, 239, 14.25%, 36, 42, 2, 497.35
1483166443, 0, 972, 2465, 2240, 238, 14.25%, 36, 42, 2, 1057.81
1483167488, 0, 972, 2487, 2261, 237, 14.25%, 36, 42, 2, 58.29
1483167493, 0, 975, 2487, 2261, 240, 14.25%, 36, 42, 2, 1144.31
1483167660, 0, 977, 2487, 2260, 239, 14.25%, 36, 42, 2, 885.01
1483168560, 0, 981, 2487, 2259, 238, 14.25%, 36, 42, 2, 696.32
1483169465, 0, 989, 2487, 2258, 237, 14.25%, 36, 42, 2, 650.78
1483169476, 0, 989, 2487, 2258, 237, 14.25%, 37, 42, 2, 252.48
1483169516, 0, 989, 2487, 2258, 237, 14.25%, 37, 44, 2, 20.35
1483170101, 0, 989, 2487, 2258, 237, 14.25%, 37, 47, 2, 60.29
1483170106, 0, 989, 2487, 2258, 237, 14.25%, 37, 48, 2, 29.69
1483177418, 0, 989, 2487, 2258, 237, 14.25%, 37, 49, 2, 17.48
1483177957, 0, 989, 2487, 2258, 237, 14.25%, 37, 50, 2, 14.92
1483186795, 0, 989, 2487, 2258, 237, 14.25%, 37, 52, 2, 22.54
1483186801, 0, 989, 2487, 2258, 237, 14.25%, 37, 53, 2, 22.46
1483186806, 0, 989, 2487, 2258, 237, 14.25%, 37, 54, 2, 16.71
1483186862, 0, 989, 2487, 2258, 237, 14.25%, 37, 55, 2, 22.44
1483186872, 0, 989, 2487, 2258, 237, 14.25%, 37, 56, 2, 17.65
1483204269, 0, 989, 2487, 2258, 237, 14.25%, 37, 57, 2, 17.18
1483210174, 0, 989, 2487, 2258, 237, 14.25%, 37, 58, 2, 881.19
1483286770, 0, 994, 2487, 2257, 236, 14.25%, 37, 58, 2, 746.74
1483286806, 0, 994, 2487, 2257, 236, 14.25%, 37, 59, 2, 1199.68
1483286847, 0, 994, 2515, 2284, 235, 14.26%, 37, 59, 2, 99.24
1483286852, 0, 994, 2578, 2347, 235, 14.27%, 37, 59, 2, 114.44
1483286858, 0, 994, 2612, 2381, 235, 14.27%, 37, 59, 2, 121.58
1483286863, 0, 997, 2612, 2381, 243, 14.27%, 37, 59, 2, 1198.86
1483286985, 0, 999, 2612, 2380, 242, 14.27%, 37, 59, 2, 1277.51
1483287067, 0, 1003, 2612, 2379, 241, 14.27%, 37, 59, 2, 1028.22
1483287728, 0, 1007, 2612, 2378, 240, 14.27%, 37, 59, 2, 1193.31
1483291002, 0, 1013, 2612, 2377, 239, 14.27%, 37, 59, 2, 581.02
1483291135, 0, 1018, 2615, 2379, 240, 14.27%, 37, 59, 2, 1359.69
1483291213, 0, 1019, 2615, 2378, 239, 14.27%, 37, 59, 2, 207.84
1483291341, 0, 1022, 2615, 2377, 238, 14.27%, 37, 59, 2, 739.56
1483291500, 0, 1028, 2615, 2376, 237, 14.27%, 37, 59, 2, 951.99
1483292450, 0, 1030, 2615, 2375, 237, 14.27%, 37, 59, 2, 1105.65
1483293357, 0, 1032, 2615, 2374, 236, 14.27%, 37, 59, 2, 503.07
1483293495, 0, 1034, 2615, 2373, 235, 14.27%, 37, 59, 2, 35.93
1483293668, 0, 1051, 2615, 2372, 234, 14.27%, 37, 59, 2, 1286.88
1483294601, 0, 1077, 2615, 2371, 233, 14.27%, 37, 59, 2, 489.71
1483295042, 0, 1087, 2615, 2370, 232, 14.27%, 37, 59, 2, 28.94
