# unix_time, cycles_done, cur_path, paths_total, pending_total, pending_favs, map_size, unique_crashes, unique_hangs, max_depth, execs_per_sec
1483119048, 0, 0, 1257, 1257, 319, 13.66%, 0, 0, 1, 255.25
1483119053, 0, 1, 1257, 1257, 319, 13.66%, 0, 0, 1, 1806.34
1483119068, 0, 1, 1258, 1257, 318, 13.66%, 0, 0, 2, 252.30
1483119074, 0, 1, 1302, 1301, 318, 13.67%, 0, 0, 2, 263.85
1483119079, 0, 1, 1427, 1426, 318, 13.75%, 0, 0, 2, 287.00
1483119084, 0, 1, 1526, 1525, 318, 13.76%, 0, 0, 2, 277.79
1483119089, 0, 1, 1577, 1576, 318, 13.77%, 0, 0, 2, 239.83
1483119094, 0, 1, 1587, 1586, 318, 13.77%, 0, 0, 2, 241.36
1483119099, 0, 1, 1593, 1592, 318, 13.78%, 0, 0, 2, 252.60
1483119105, 0, 1, 1594, 1593, 318, 13.78%, 0, 0, 2, 254.08
1483119110, 0, 1, 1597, 1596, 318, 13.78%, 0, 0, 2, 244.60
1483119120, 0, 2, 1597, 1596, 347, 13.78%, 0, 0, 2, 1543.40
1483119135, 0, 3, 1597, 1595, 346, 13.78%, 0, 0, 2, 1730.49
1483119160, 0, 5, 1597, 1594, 345, 13.78%, 0, 0, 2, 1661.40
1483119165, 0, 5, 1598, 1595, 345, 13.78%, 0, 1, 2, 925.13
1483119294, 0, 5, 1598, 1595, 345, 13.78%, 0, 2, 2, 665.70
1483119423, 0, 5, 1599, 1596, 345, 13.78%, 0, 2, 2, 676.13
1483119589, 0, 5, 1603, 1600, 345, 13.78%, 0, 2, 2, 576.05
1483119918, 0, 5, 1603, 1600, 345, 13.78%, 0, 3, 2, 23.54
1483120251, 0, 5, 1603, 1600, 345, 13.78%, 1, 4, 2, 990.00
1483120256, 0, 5, 1603, 1600, 345, 13.78%, 1, 5, 2, 1136.97
1483120569, 0, 7, 1603, 1599, 344, 13.78%, 1, 5, 2, 1377.63
1483120580, 0, 8, 1603, 1598, 343, 13.78%, 1, 5, 2, 1704.64
1483120585, 0, 8, 1691, 1685, 342, 13.84%, 1, 5, 2, 195.05
1483120590, 0, 8, 1756, 1750, 342, 13.85%, 1, 5, 2, 20.01
1483120595, 0, 8, 1801, 1795, 342, 13.87%, 1, 5, 2, 175.36
1483120600, 0, 8, 1865, 1859, 342, 13.90%, 1, 5, 2, 135.76
1483120605, 0, 8, 1925, 1919, 342, 13.91%, 1, 5, 2, 17.62
1483120610, 0, 8, 1949, 1943, 342, 13.91%, 1, 5, 2, 165.92
1483120620, 0, 8, 1950, 1944, 342, 13.91%, 1, 5, 2, 161.79
1483120625, 0, 9, 1950, 1944, 376, 13.91%, 1, 5, 2, 1069.97
1483120636, 0, 12, 1950, 1943, 375, 13.91%, 1, 5, 2, 1658.34
1483120641, 0, 14, 1950, 1941, 373, 13.91%, 1, 5, 2, 1680.74
1483120666, 0, 16, 1950, 1940, 372, 13.91%, 1, 5, 2, 1697.84
1483120671, 0, 16, 1953, 1942, 371, 13.91%, 1, 5, 2, 19.61
1483120677, 0, 19, 1953, 1942, 371, 13.91%, 1, 5, 2, 1365.46
1483120702, 0, 20, 1953, 1941, 370, 13.91%, 1, 5, 2, 1679.68
1483120707, 0, 22, 1953, 1940, 369, 13.91%, 1, 5, 2, 1553.13
1483120753, 0, 23, 1953, 1939, 368, 13.91%, 1, 5, 2, 1642.27
1483120758, 0, 24, 1953, 1938, 367, 13.91%, 1, 5, 2, 392.91
1483122014, 0, 24, 1993, 1977, 366, 13.96%, 1, 6, 2, 13.25
1483122019, 0, 26, 2006, 1990, 372, 13.96%, 1, 6, 2, 1498.34
1483122030, 0, 31, 2006, 1988, 370, 13.96%, 1, 6, 2, 1681.29
1483122075, 0, 32, 2006, 1987, 369, 13.96%, 1, 6, 2, 1615.16
1483122121, 0, 34, 2006, 1986, 368, 13.96%, 1, 6, 2, 1620.55
1483122172, 0, 34, 2009, 1988, 367, 13.96%, 1, 6, 2, 81.95
1483122177, 0, 35, 2014, 1993, 367, 13.96%, 1, 6, 2, 1623.94
1483122208, 0, 37, 2014, 1992, 366, 13.96%, 1, 6, 2, 1673.02
1483122223, 0, 43, 2014, 1991, 365, 13.96%, 1, 6, 2, 1648.73
1483122258, 0, 49, 2014, 1990, 364, 13.96%, 1, 6, 2, 1666.29
1483122264, 0, 50, 2014, 1989, 363, 13.96%, 1, 6, 2, 1537.68
1483122279, 0, 53, 2020, 1994, 362, 13.96%, 1, 6, 2, 121.00
1483122325, 0, 53, 2021, 1995, 362, 13.96%, 1, 6, 2, 100.98
1483122438, 0, 53, 2022, 1996, 362, 13.96%, 1, 6, 2, 111.00
1483122780, 0, 62, 2022, 1994, 360, 13.96%, 1, 6, 2, 1443.94
1483122831, 0, 63, 2022, 1993, 359, 13.96%, 1, 6, 2, 1643.56
1483122852, 0, 66, 2022, 1992, 358, 13.96%, 1, 6, 2, 1491.28
1483123000, 0, 66, 2037, 2006, 357, 13.96%, 1, 6, 2, 73.52
1483123005, 0, 68, 2050, 2019, 359, 13.96%, 1, 7, 2, 178.68
1483123051, 0, 68, 2050, 2019, 359, 13.96%, 1, 8, 2, 571.96
1483123654, 0, 68, 2050, 2019, 359, 13.96%, 1, 9, 2, 752.14
1483124226, 0, 69, 2050, 2018, 358, 13.96%, 1, 9, 2, 1343.38
1483124277, 0, 70, 2050, 2017, 357, 13.96%, 1, 9, 2, 1533.55
1483124542, 0, 72, 2050, 2016, 356, 13.96%, 1, 9, 2, 1284.45
1483124573, 0, 73, 2050, 2015, 355, 13.96%, 1, 9, 2, 1619.33
1483124599, 0, 73, 2067, 2031, 354, 13.97%, 1, 9, 2, 45.97
1483124604, 0, 73, 2121, 2085, 354, 13.97%, 1, 9, 2, 133.05
1483124609, 0, 82, 2121, 2085, 355, 13.97%, 1, 9, 2, 1523.20
1483124639, 0, 90, 2121, 2084, 354, 13.97%, 1, 9, 2, 1599.20
1483124655, 0, 92, 2121, 2083, 353, 13.97%, 1, 9, 2, 1438.55
1483124706, 0, 93, 2121, 2082, 352, 13.97%, 1, 9, 2, 1583.41
1483124792, 0, 99, 2121, 2081, 351, 13.97%, 1, 9, 2, 1432.53
1483124848, 0, 101, 2125, 2084, 350, 13.97%, 1, 9, 2, 848.04
1483124914, 0, 105, 2125, 2083, 349, 13.97%, 1, 9, 2, 1501.40
1483124955, 0, 106, 2125, 2082, 348, 13.97%, 1, 9, 2, 1425.86
1483125037, 0, 107, 2125, 2081, 347, 13.97%, 1, 9, 2, 1553.74
1483125068, 0, 110, 2125, 2080, 346, 13.97%, 1, 10, 2, 1349.13
1483125361, 0, 117, 2142, 2096, 346, 13.97%, 1, 10, 2, 1473.79
1483125427, 0, 118, 2142, 2095, 345, 13.97%, 1, 10, 2, 1635.61
1483125442, 0, 126, 2142, 2094, 344, 13.97%, 1, 10, 2, 1529.31
1483125498, 0, 127, 2142, 2093, 343, 13.97%, 1, 10, 2, 1495.91
1483125539, 0, 136, 2142, 2092, 342, 13.97%, 1, 10, 2, 1570.06
1483125580, 0, 136, 2143, 2092, 341, 13.97%, 1, 10, 2, 1591.94
1483125585, 0, 140, 2147, 2096, 341, 13.97%, 1, 10, 2, 1306.76
1483125657, 0, 147, 2147, 2095, 340, 13.97%, 1, 10, 2, 1593.39
1483125703, 0, 154, 2147, 2094, 339, 13.97%, 1, 10, 2, 1517.31
1483125876, 0, 157, 2147, 2093, 338, 13.97%, 1, 10, 2, 1607.90
1483125891, 0, 159, 2147, 2092, 337, 13.97%, 1, 10, 2, 1529.72
1483126241, 0, 162, 2153, 2097, 336, 13.97%, 1, 10, 2, 750.77
1483126333, 0, 167, 2153, 2096, 335, 13.97%, 1, 10, 2, 1283.09
1483126394, 0, 172, 2153, 2095, 334, 13.97%, 1, 10, 2, 1390.53
1483126966, 0, 172, 2153, 2095, 334, 13.97%, 3, 10, 2, 1213.89
1483126987, 0, 172, 2153, 2095, 334, 13.97%, 5, 10, 2, 1367.73
1483127140, 0, 174, 2153, 2094, 333, 13.97%, 5, 10, 2, 1249.39
1483127201, 0, 175, 2153, 2093, 332, 13.97%, 5, 10, 2, 1076.26
1483127272, 0, 175, 2153, 2093, 332, 13.97%, 6, 10, 2, 884.22
1483127318, 0, 176, 2187, 2126, 331, 13.97%, 6, 10, 2, 1122.42
1483127435, 0, 176, 2188, 2127, 331, 13.97%, 6, 10, 2, 1097.33
1483127450, 0, 176, 2189, 2128, 331, 13.97%, 6, 10, 2, 1180.83
1483127491, 0, 176, 2190, 2129, 331, 13.97%, 6, 10, 2, 960.00
1483127522, 0, 178, 2190, 2128, 330, 13.97%, 6, 10, 2, 1094.59
1483127720, 0, 183, 2190, 2127, 329, 13.97%, 6, 10, 2, 245.10
1483127950, 0, 185, 2190, 2126, 328, 13.97%, 6, 10, 2, 1112.34
1483128159, 0, 195, 2190, 2125, 327, 13.97%, 6, 10, 2, 1309.02
1483128190, 0, 198, 2198, 2132, 326, 14.00%, 6, 10, 2, 1298.13
1483128195, 0, 198, 2198, 2132, 326, 14.00%, 6, 11, 2, 471.79
1483129012, 0, 198, 2198, 2132, 326, 14.00%, 7, 11, 2, 1134.24
1483129185, 0, 200, 2198, 2131, 325, 14.00%, 7, 11, 2, 1082.27
1483129210, 0, 212, 2198, 2130, 324, 14.00%, 7, 11, 2, 1646.75
1483129236, 0, 214, 2198, 2129, 323, 14.00%, 7, 11, 2, 525.10
1483129272, 0, 220, 2198, 2128, 322, 14.00%, 7, 11, 2, 888.72
1483129363, 0, 220, 2198, 2128, 322, 14.00%, 8, 11, 2, 917.05
1483129414, 0, 220, 2206, 2135, 321, 14.00%, 8, 11, 2, 806.16
1483129419, 0, 223, 2225, 2154, 321, 14.00%, 8, 11, 2, 1419.21
1483129464, 0, 224, 2225, 2153, 320, 14.00%, 8, 11, 2, 1679.09
1483129495, 0, 231, 2225, 2152, 319, 14.00%, 8, 11, 2, 1490.38
1483129556, 0, 232, 2225, 2151, 318, 14.00%, 8, 11, 2, 316.59
1483131035, 0, 233, 2225, 2150, 317, 14.00%, 8, 11, 2, 808.34
1483131106, 0, 233, 2244, 2168, 316, 14.00%, 8, 11, 2, 166.62
1483131112, 0, 239, 2247, 2171, 318, 14.00%, 8, 11, 2, 889.43
1483131157, 0, 239, 2247, 2171, 318, 14.00%, 8, 12, 2, 1268.74
1483131183, 0, 240, 2247, 2170, 317, 14.00%, 8, 12, 2, 756.59
1483131340, 0, 241, 2247, 2169, 316, 14.00%, 8, 12, 2, 1420.43
1483131391, 0, 245, 2247, 2168, 315, 14.00%, 8, 12, 2, 1524.32
1483131417, 0, 250, 2247, 2167, 314, 14.00%, 8, 13, 2, 1449.91
1483131473, 0, 251, 2249, 2168, 314, 14.00%, 8, 13, 2, 860.00
1483131534, 0, 252, 2249, 2167, 313, 14.00%, 8, 13, 2, 1566.07
1483131584, 0, 255, 2249, 2166, 312, 14.00%, 8, 13, 2, 1502.15
1483131645, 0, 258, 2249, 2165, 311, 14.00%, 8, 13, 2, 1555.41
1483131696, 0, 264, 2249, 2164, 310, 14.00%, 8, 13, 2, 267.20
1483131701, 0, 264, 2249, 2164, 310, 14.00%, 8, 14, 2, 246.69
1483131987, 0, 270, 2252, 2166, 309, 14.00%, 8, 14, 2, 1074.31
1483132033, 0, 271, 2252, 2165, 308, 14.00%, 8, 14, 2, 1511.46
1483132320, 0, 272, 2252, 2164, 307, 14.00%, 8, 14, 2, 1213.49
1483132375, 0, 274, 2252, 2163, 306, 14.00%, 8, 14, 2, 1157.41
1483133001, 0, 280, 2252, 2162, 305, 14.00%, 8, 14, 2, 1103.64
1483133225, 0, 284, 2270, 2179, 305, 14.00%, 8, 14, 2, 1293.68
1483133265, 0, 285, 2270, 2178, 304, 14.00%, 8, 14, 2, 1603.58
1483133306, 0, 286, 2270, 2177, 303, 14.00%, 8, 14, 2, 1625.96
1483133342, 0, 287, 2270, 2176, 302, 14.00%, 8, 14, 2, 1394.59
1483133575, 0, 291, 2271, 2175, 301, 14.00%, 8, 14, 2, 1494.21
1483133635, 0, 305, 2271, 2174, 300, 14.00%, 8, 15, 2, 1317.77
1483133661, 0, 305, 2271, 2174, 300, 14.00%, 8, 16, 2, 1000.61
1483133728, 0, 307, 2271, 2173, 299, 14.00%, 8, 16, 2, 240.46
1483133912, 0, 308, 2271, 2172, 298, 14.00%, 8, 16, 2, 636.53
1483135170, 0, 312, 2271, 2171, 297, 14.00%, 8, 16, 2, 1266.93
1483135190, 0, 320, 2327, 2226, 333, 14.15%, 8, 16, 2, 771.94
1483135221, 0, 321, 2327, 2225, 332, 14.15%, 8, 16, 2, 1657.38
1483135266, 0, 326, 2327, 2224, 331, 14.15%, 8, 16, 2, 250.49
1483135312, 0, 326, 2327, 2224, 331, 14.15%, 8, 17, 2, 297.34
1483135485, 0, 326, 2327, 2224, 331, 14.15%, 8, 18, 2, 649.79
1483135547, 0, 336, 2327, 2223, 330, 14.15%, 8, 18, 2, 1313.68
1483135567, 0, 344, 2327, 2222, 329, 14.15%, 8, 18, 2, 1652.79
1483135664, 0, 345, 2337, 2231, 333, 14.17%, 8, 18, 2, 1499.78
1483135710, 0, 347, 2337, 2230, 332, 14.17%, 8, 18, 2, 1637.39
1483135731, 0, 352, 2337, 2229, 331, 14.17%, 8, 18, 2, 1679.08
1483135746, 0, 357, 2337, 2228, 330, 14.17%, 8, 18, 2, 1027.72
1483135909, 0, 366, 2337, 2227, 329, 14.17%, 8, 18, 2, 1130.95
1483135995, 0, 366, 2340, 2229, 329, 14.17%, 8, 18, 2, 1421.20
1483136000, 0, 375, 2340, 2229, 331, 14.17%, 8, 18, 2, 1279.61
1483136082, 0, 379, 2340, 2228, 330, 14.17%, 8, 18, 2, 1060.26
1483136179, 0, 379, 2340, 2228, 330, 14.17%, 9, 18, 2, 930.06
1483136224, 0, 381, 2340, 2227, 329, 14.17%, 9, 18, 2, 1138.00
1483136276, 0, 388, 2340, 2226, 328, 14.17%, 9, 18, 2, 1570.33
1483136387, 0, 389, 2340, 2225, 327, 14.17%, 9, 18, 2, 1328.48
1483136429, 0, 389, 2341, 2225, 326, 14.17%, 9, 18, 2, 212.39
1483136434, 0, 390, 2342, 2226, 327, 14.18%, 9, 18, 2, 1474.68
1483136469, 0, 392, 2342, 2225, 326, 14.18%, 9, 18, 2, 1518.55
1483136582, 0, 393, 2342, 2224, 325, 14.18%, 9, 18, 2, 1513.42
1483136643, 0, 395, 2342, 2223, 324, 14.18%, 9, 18, 2, 1634.25
1483136668, 0, 400, 2342, 2222, 323, 14.18%, 9, 18, 2, 1661.19
1483136673, 0, 406, 2342, 2221, 322, 14.18%, 9, 18, 2, 1618.89
1483136745, 0, 410, 2342, 2220, 321, 14.18%, 9, 18, 2, 762.07
1483136907, 0, 415, 2342, 2219, 320, 14.18%, 9, 18, 2, 1516.26
1483136938, 0, 418, 2342, 2218, 319, 14.18%, 9, 18, 2, 1569.01
1483136979, 0, 423, 2342, 2217, 318, 14.18%, 9, 18, 2, 1586.58
1483136994, 0, 423, 2345, 2219, 317, 14.18%, 9, 18, 2, 48.61
1483136999, 0, 426, 2345, 2219, 317, 14.18%, 9, 19, 2, 1385.65
1483137075, 0, 427, 2345, 2218, 316, 14.18%, 9, 19, 2, 1599.01
1483137106, 0, 434, 2345, 2217, 315, 14.18%, 9, 19, 2, 1618.71
1483137167, 0, 436, 2345, 2216, 314, 14.18%, 9, 19, 2, 1607.76
1483137187, 0, 437, 2345, 2215, 313, 14.18%, 9, 19, 2, 559.26
1483137906, 0, 440, 2350, 2219, 314, 14.19%, 9, 19, 2, 724.45
1483138402, 0, 441, 2350, 2218, 313, 14.19%, 9, 19, 2, 1435.42
1483138412, 0, 445, 2350, 2217, 312, 14.19%, 9, 19, 2, 1561.08
1483138473, 0, 448, 2350, 2216, 311, 14.19%, 9, 19, 2, 1432.34
1483138529, 0, 451, 2350, 2215, 310, 14.19%, 9, 19, 2, 1511.68
1483138621, 0, 454, 2353, 2217, 310, 14.20%, 9, 19, 2, 1376.69
1483138687, 0, 470, 2353, 2216, 309, 14.20%, 9, 19, 2, 1493.33
1483138692, 0, 470, 2353, 2216, 309, 14.20%, 9, 20, 2, 420.26
1483138763, 0, 475, 2353, 2215, 308, 14.20%, 9, 20, 2, 910.00
1483138831, 0, 479, 2353, 2214, 307, 14.20%, 9, 20, 2, 1076.45
1483138948, 0, 482, 2353, 2213, 306, 14.20%, 9, 20, 2, 808.59
1483139060, 0, 482, 2353, 2213, 306, 14.20%, 10, 20, 2, 818.34
1483139116, 0, 483, 2355, 2214, 303, 14.20%, 10, 20, 2, 684.50
1483139289, 0, 486, 2355, 2213, 302, 14.20%, 10, 20, 2, 75.56
1483139365, 0, 508, 2355, 2212, 301, 14.20%, 10, 20, 2, 1336.08
1483139791, 0, 508, 2355, 2212, 301, 14.20%, 10, 21, 2, 585.00
1483142768, 0, 511, 2355, 2211, 300, 14.20%, 10, 21, 2, 592.88
1483142896, 0, 513, 2355, 2210, 300, 14.20%, 10, 21, 2, 659.85
1483142968, 0, 513, 2355, 2210, 300, 14.20%, 11, 21, 2, 904.98
1483143018, 0, 513, 2379, 2233, 299, 14.22%, 11, 21, 2, 37.50
1483143023, 0, 514, 2379, 2233, 307, 14.22%, 14, 21, 2, 1204.77
1483143059, 0, 514, 2379, 2233, 307, 14.22%, 15, 21, 2, 1282.52
1483143064, 0, 514, 2379, 2233, 307, 14.22%, 16, 21, 2, 1232.73
1483143075, 0, 514, 2379, 2233, 307, 14.22%, 17, 21, 2, 1264.09
1483143166, 0, 519, 2379, 2232, 306, 14.22%, 17, 21, 2, 1257.60
1483143365, 0, 521, 2379, 2231, 306, 14.22%, 17, 21, 2, 1430.53
1483143395, 0, 528, 2379, 2230, 305, 14.22%, 17, 21, 2, 1353.37
1483143446, 0, 533, 2379, 2229, 304, 14.22%, 17, 21, 2, 1233.18
1483143492, 0, 539, 2386, 2235, 304, 14.22%, 17, 21, 2, 892.11
1483143584, 0, 541, 2386, 2234, 303, 14.22%, 17, 21, 2, 1205.38
1483143864, 0, 545, 2386, 2233, 302, 14.22%, 17, 21, 2, 1276.35
1483143895, 0, 546, 2386, 2232, 301, 14.22%, 17, 21, 2, 215.05
1483143916, 0, 546, 2386, 2232, 301, 14.22%, 17, 22, 2, 241.32
1483143921, 0, 546, 2386, 2232, 301, 14.22%, 17, 23, 2, 1364.55
1483143946, 0, 548, 2386, 2231, 300, 14.22%, 17, 23, 2, 681.70
1483143992, 0, 548, 2386, 2231, 300, 14.22%, 17, 24, 2, 341.55
1483144232, 0, 551, 2392, 2236, 300, 14.22%, 17, 24, 2, 1193.30
1483144263, 0, 553, 2392, 2235, 299, 14.22%, 17, 24, 2, 766.32
1483144335, 0, 555, 2392, 2234, 298, 14.22%, 17, 24, 2, 1486.82
1483144361, 0, 556, 2392, 2233, 297, 14.22%, 17, 24, 2, 1538.19
1483144386, 0, 560, 2392, 2232, 296, 14.22%, 17, 24, 2, 1554.43
1483144402, 0, 561, 2392, 2231, 295, 14.22%, 17, 24, 2, 1655.88
1483144448, 0, 563, 2392, 2230, 294, 14.22%, 17, 24, 2, 1401.22
1483144494, 0, 572, 2392, 2229, 293, 14.22%, 17, 24, 2, 126.41
1483144591, 0, 573, 2392, 2228, 292, 14.22%, 17, 24, 2, 1496.55
1483144647, 0, 574, 2392, 2227, 291, 14.22%, 17, 24, 2, 320.37
1483144652, 0, 574, 2392, 2227, 291, 14.22%, 17, 25, 2, 289.02
1483144740, 0, 574, 2392, 2227, 291, 14.22%, 17, 26, 2, 11.51
1483144816, 0, 576, 2394, 2228, 290, 14.22%, 17, 26, 2, 699.86
1483144873, 0, 583, 2394, 2227, 289, 14.22%, 17, 26, 2, 1116.80
1483145010, 0, 583, 2394, 2227, 289, 14.22%, 18, 26, 2, 1304.47
1483145041, 0, 587, 2394, 2226, 288, 14.22%, 18, 26, 2, 93.32
1483145071, 0, 587, 2395, 2227, 288, 14.22%, 18, 26, 2, 35.34
1483145437, 0, 587, 2397, 2229, 288, 14.22%, 18, 26, 2, 41.36
1483146214, 0, 588, 2397, 2228, 287, 14.22%, 18, 26, 2, 514.02
1483146219, 0, 588, 2397, 2228, 287, 14.22%, 18, 27, 2, 323.27
1483146387, 0, 619, 2397, 2227, 286, 14.22%, 18, 27, 2, 1231.33
1483146408, 0, 619, 2397, 2227, 286, 14.22%, 18, 28, 2, 24.42
1483146479, 0, 629, 2407, 2236, 290, 14.23%, 18, 28, 2, 1492.63
1483146536, 0, 637, 2407, 2235, 289, 14.23%, 18, 28, 2, 230.55
1483146765, 0, 637, 2407, 2235, 289, 14.23%, 19, 28, 2, 446.45
1483146832, 0, 639, 2407, 2234, 289, 14.23%, 19, 28, 2, 644.24
1483147457, 0, 643, 2407, 2233, 289, 14.23%, 19, 28, 2, 412.95
1483147712, 0, 659, 2409, 2233, 288, 14.23%, 19, 28, 2, 76.76
1483147717, 0, 671, 2409, 2233, 288, 14.23%, 19, 28, 2, 1107.97
1483147763, 0, 678, 2409, 2232, 287, 14.23%, 19, 28, 2, 1415.96
1483147819, 0, 680, 2409, 2231, 286, 14.23%, 19, 28, 2, 1016.72
1483147834, 0, 680, 2409, 2231, 286, 14.23%, 19, 29, 2, 274.42
1483147973, 0, 684, 2409, 2230, 286, 14.23%, 19, 29, 2, 781.47
1483148049, 0, 685, 2409, 2229, 285, 14.23%, 19, 29, 2, 877.10
1483148054, 0, 685, 2409, 2229, 285, 14.23%, 20, 30, 2, 264.93
1483148131, 0, 685, 2409, 2229, 285, 14.23%, 20, 31, 2, 388.99
1483148269, 0, 693, 2412, 2231, 286, 14.23%, 20, 31, 2, 901.81
1483148696, 0, 702, 2412, 2230, 285, 14.23%, 20, 31, 2, 1061.01
1483148748, 0, 722, 2412, 2229, 284, 14.23%, 20, 31, 2, 1375.58
1483148809, 0, 728, 2412, 2228, 283, 14.23%, 20, 31, 2, 277.31
1483149146, 0, 730, 2412, 2227, 283, 14.23%, 20, 31, 2, 1042.11
1483149288, 0, 730, 2415, 2229, 282, 14.23%, 20, 31, 2, 1443.58
1483149293, 0, 746, 2415, 2229, 282, 14.23%, 20, 31, 2, 1471.90
1483149360, 0, 748, 2415, 2228, 281, 14.23%, 20, 31, 2, 1335.13
1483149482, 0, 762, 2415, 2227, 280, 14.23%, 20, 31, 2, 1198.26
1483149487, 0, 762, 2415, 2227, 280, 14.23%, 21, 31, 2, 1132.10
1483149578, 0, 774, 2415, 2226, 279, 14.23%, 21, 31, 2, 1428.69
1483149793, 0, 781, 2415, 2225, 278, 14.23%, 21, 31, 2, 1450.04
1483149859, 0, 790, 2415, 2224, 277, 14.23%, 21, 31, 2, 1401.80
1483149930, 0, 791, 2415, 2223, 276, 14.23%, 21, 31, 2, 177.56
1483150272, 0, 795, 2415, 2222, 275, 14.23%, 21, 31, 2, 531.93
1483150539, 0, 800, 2415, 2221, 274, 14.23%, 22, 31, 2, 914.71
1483150549, 0, 800, 2415, 2221, 274, 14.23%, 23, 31, 2, 1275.73
1483150564, 0, 800, 2415, 2221, 274, 14.23%, 24, 31, 2, 73.99
1483150635, 0, 802, 2415, 2220, 273, 14.23%, 24, 31, 2, 1247.30
1483150726, 0, 808, 2417, 2221, 272, 14.23%, 24, 31, 2, 1404.18
1483150757, 0, 813, 2417, 2220, 271, 14.23%, 24, 31, 2, 1326.65
1483150762, 0, 813, 2417, 2220, 271, 14.23%, 25, 32, 2, 180.10
1483150843, 0, 813, 2417, 2220, 271, 14.23%, 25, 33, 2, 344.44
1483151012, 0, 820, 2417, 2219, 270, 14.23%, 25, 33, 2, 837.38
1483151058, 0, 820, 2417, 2219, 270, 14.23%, 26, 33, 2, 1310.21
1483151089, 0, 821, 2417, 2218, 269, 14.23%, 26, 33, 2, 1400.18
1483151160, 0, 825, 2417, 2217, 268, 14.23%, 26, 33, 2, 1390.66
1483151298, 0, 827, 2420, 2219, 266, 14.24%, 27, 33, 2, 1319.07
1483151349, 0, 830, 2420, 2218, 265, 14.24%, 27, 33, 2, 275.53
1483151411, 0, 836, 2420, 2217, 264, 14.24%, 27, 33, 2, 1376.12
1483151513, 0, 842, 2420, 2216, 263, 14.24%, 27, 33, 2, 1307.61
1483151543, 0, 842, 2420, 2216, 263, 14.24%, 27, 34, 2, 1176.44
1483151611, 0, 866, 2420, 2215, 262, 14.24%, 28, 34, 2, 1306.10
1483151693, 0, 882, 2421, 2215, 261, 14.24%, 28, 34, 2, 273.08
1483152612, 0, 885, 2421, 2214, 260, 14.24%, 28, 34, 2, 1185.36
1483152678, 0, 891, 2421, 2213, 259, 14.24%, 28, 34, 2, 1355.28
1483152775, 0, 894, 2421, 2212, 258, 14.24%, 28, 34, 2, 1352.68
1483152908, 0, 895, 2421, 2211, 257, 14.24%, 28, 34, 2, 940.55
1483154259, 0, 895, 2422, 2212, 257, 14.24%, 28, 34, 2, 300.30
1483154707, 0, 896, 2433, 2222, 258, 14.24%, 28, 34, 2, 1096.85
1483154713, 0, 896, 2433, 2222, 258, 14.24%, 31, 34, 2, 1255.46
1483154799, 0, 897, 2433, 2221, 257, 14.24%, 31, 34, 2, 1088.00
1483154902, 0, 901, 2433, 2220, 256, 14.24%, 31, 34, 2, 1003.67
1483155233, 0, 907, 2433, 2219, 255, 14.24%, 31, 34, 2, 595.82
1483155356, 0, 907, 2433, 2219, 255, 14.24%, 32, 34, 2, 980.59
1483155391, 0, 914, 2433, 2218, 254, 14.24%, 32, 34, 2, 11.05
1483155427, 0, 914, 2433, 2218, 254, 14.24%, 32, 36, 2, 10.99
1483160469, 0, 922, 2445, 2229, 254, 14.25%, 32, 36, 2, 1082.10
1483160525, 0, 922, 2446, 2230, 254, 14.25%, 32, 36, 2, 989.26
1483160826, 0, 925, 2446, 2229, 254, 14.25%, 32, 36, 2, 1211.40
1483160938, 0, 937, 2446, 2228, 253, 14.25%, 32, 36, 2, 985.93
1483161457, 0, 939, 2446, 2227, 252, 14.25%, 32, 36, 2, 700.35
1483161467, 0, 939, 2446, 2227, 252, 14.25%, 33, 36, 2, 209.74
1483161483, 0, 939, 2446, 2227, 252, 14.25%, 33, 37, 2, 1397.59
1483161539, 0, 943, 2446, 2226, 251, 14.25%, 33, 37, 2, 749.62
1483161544, 0, 943, 2446, 2226, 251, 14.25%, 33, 38, 2, 439.88
1483161554, 0, 943, 2446, 2226, 251, 14.25%, 33, 39, 2, 385.42
1483161753, 0, 956, 2446, 2225, 250, 14.25%, 33, 39, 2, 624.04
1483161825, 0, 956, 2446, 2225, 250, 14.25%, 33, 40, 2, 29.57
1483161972, 0, 965, 2446, 2224, 249, 14.25%, 33, 40, 2, 513.36
1483164036, 0, 969, 2446, 2223, 248, 14.25%, 33, 40, 2, 465.82
1483164077, 0, 969, 2446, 2223, 248, 14.25%, 34, 40, 2, 393.45
1483164282, 0, 971, 2446, 2222, 248, 14.25%, 34, 40, 2, 1143.97
1483164852, 0, 972, 2446, 2221, 247, 14.25%, 34, 40, 2, 963.37
1483165900, 0, 975, 2466, 2240, 249, 14.25%, 34, 40, 2, 1269.64
1483166068, 0, 977, 2466, 2239, 248, 14.25%, 34, 40, 2, 1366.88
1483166968, 0, 981, 2466, 2238, 247, 14.25%, 34, 40, 2, 799.79
1483167870, 0, 985, 2466, 2237, 246, 14.25%, 34, 40, 2, 891.50
1483167941, 0, 989, 2466, 2236, 245, 14.25%, 34, 40, 2, 1476.77
1483167951, 0, 989, 2466, 2236, 245, 14.25%, 35, 40, 2, 17.62
1483167987, 0, 989, 2466, 2236, 245, 14.25%, 35, 42, 2, 21.58
1483168572, 0, 989, 2466, 2236, 245, 14.25%, 35, 45, 2, 56.08
1483168577, 0, 989, 2466, 2236, 245, 14.25%, 35, 47, 2, 27.64
1483172486, 0, 989, 2466, 2236, 245, 14.25%, 35, 48, 2, 18.77
1483175831, 0, 989, 2466, 2236, 245, 14.25%, 35, 49, 2, 163.54
1483176372, 0, 989, 2466, 2236, 245, 14.25%, 35, 50, 2, 16.52
1483185146, 0, 989, 2466, 2236, 245, 14.25%, 35, 53, 2, 16.33
1483185157, 0, 989, 2466, 2236, 245, 14.25%, 35, 54, 2, 251.05
1483185162, 0, 989, 2466, 2236, 245, 14.25%, 35, 55, 2, 105.00
1483185213, 0, 989, 2466, 2236, 245, 14.25%, 35, 56, 2, 291.96
1483185228, 0, 989, 2466, 2236, 245, 14.25%, 35, 57, 2, 16.79
1483208367, 0, 989, 2466, 2236, 245, 14.25%, 35, 58, 2, 163.86
1483221183, 0, 989, 2466, 2236, 245, 14.25%, 35, 59, 2, 16.35
1483284493, 0, 989, 2471, 2240, 244, 14.25%, 35, 59, 2, 101.20
1483284498, 0, 989, 2518, 2287, 244, 14.26%, 35, 59, 2, 92.38
1483284503, 0, 989, 2593, 2362, 244, 14.27%, 35, 59, 2, 138.73
1483284514, 0, 994, 2593, 2362, 255, 14.27%, 35, 59, 2, 597.88
1483284544, 0, 994, 2593, 2362, 255, 14.27%, 35, 60, 2, 937.58
1483284586, 0, 997, 2593, 2361, 254, 14.27%, 35, 60, 2, 1080.50
1483284713, 0, 998, 2593, 2360, 253, 14.27%, 35, 60, 2, 1026.08
1483285557, 0, 999, 2593, 2359, 253, 14.27%, 35, 60, 2, 765.59
1483285639, 0, 1003, 2593, 2358, 252, 14.27%, 35, 60, 2, 990.35
1483286300, 0, 1007, 2593, 2357, 251, 14.27%, 35, 60, 2, 982.01
1483286305, 0, 1007, 2594, 2358, 251, 14.27%, 35, 60, 2, 195.36
1483289572, 0, 1009, 2594, 2357, 250, 14.27%, 35, 60, 2, 374.93
1483289623, 0, 1009, 2594, 2357, 250, 14.27%, 35, 61, 2, 322.77
1483290001, 0, 1015, 2594, 2356, 249, 14.27%, 36, 61, 2, 537.50
1483290227, 0, 1019, 2594, 2355, 248, 14.27%, 36, 61, 2, 684.19
1483290360, 0, 1022, 2594, 2354, 247, 14.27%, 36, 61, 2, 464.39
1483290517, 0, 1032, 2598, 2357, 248, 14.27%, 36, 61, 2, 778.73
1483290656, 0, 1034, 2598, 2356, 247, 14.27%, 36, 61, 2, 31.79
1483290824, 0, 1051, 2598, 2355, 246, 14.27%, 36, 61, 2, 1328.77
1483291724, 0, 1074, 2598, 2354, 245, 14.27%, 36, 61, 2, 638.49
1483292149, 0, 1077, 2598, 2353, 244, 14.27%, 36, 61, 2, 584.42
1483292573, 0, 1085, 2598, 2352, 243, 14.27%, 36, 61, 2, 642.15
1483292675, 0, 1087, 2598, 2351, 242, 14.27%, 36, 61, 2, 30.06
