# unix_time, cycles_done, cur_path, paths_total, pending_total, pending_favs, map_size, unique_crashes, unique_hangs, max_depth, execs_per_sec
1480421251, 0, 0, 447, 447, 90, 8.80%, 0, 0, 2, 20.95
1480421256, 0, 2, 447, 447, 90, 8.80%, 0, 0, 2, 44.44
1480421276, 0, 2, 449, 449, 90, 8.82%, 0, 0, 2, 4.05
1480421286, 0, 2, 452, 452, 90, 8.85%, 0, 0, 2, 4.59
1480421291, 0, 2, 453, 453, 90, 8.86%, 0, 0, 2, 4.06
1480421312, 0, 2, 454, 454, 90, 8.86%, 0, 0, 2, 4.07
1480421322, 0, 2, 455, 455, 90, 8.86%, 0, 0, 2, 4.06
1480421353, 0, 2, 458, 458, 90, 8.89%, 0, 0, 2, 4.07
1480421358, 0, 2, 462, 462, 90, 8.89%, 0, 0, 2, 45.59
1480421364, 0, 2, 468, 468, 90, 8.91%, 0, 1, 2, 12.25
1480421369, 0, 2, 470, 470, 90, 8.91%, 0, 1, 2, 6.18
1480421374, 0, 2, 475, 475, 90, 8.91%, 0, 1, 2, 9.73
1480421379, 0, 2, 477, 477, 90, 8.91%, 0, 1, 2, 7.55
1480421405, 0, 2, 478, 478, 90, 8.91%, 0, 1, 2, 4.06
1480421457, 0, 2, 479, 479, 90, 8.91%, 0, 1, 2, 4.05
1480421613, 0, 2, 482, 482, 90, 8.92%, 0, 1, 2, 4.06
1480422422, 0, 2, 483, 483, 90, 8.92%, 0, 1, 2, 25.96
1480422457, 0, 2, 485, 485, 90, 8.92%, 0, 1, 2, 24.85
1480422789, 0, 2, 486, 486, 90, 8.92%, 0, 1, 2, 25.97
1480423551, 0, 2, 487, 487, 90, 8.92%, 0, 1, 2, 26.09
1480424298, 0, 2, 489, 489, 90, 8.92%, 0, 1, 2, 26.02
1480428219, 0, 2, 490, 490, 90, 8.92%, 0, 1, 2, 27.00
1480439670, 0, 2, 491, 491, 90, 8.92%, 0, 1, 2, 3.74
1480446874, 0, 2, 492, 492, 90, 8.92%, 0, 1, 2, 3.68
1480447263, 0, 2, 493, 493, 90, 8.92%, 0, 1, 2, 3.73
1480476657, 0, 2, 494, 494, 90, 8.92%, 0, 1, 2, 3.13
1480476682, 0, 2, 495, 495, 90, 8.92%, 0, 1, 2, 91.23
1480476724, 0, 2, 496, 496, 90, 8.92%, 0, 2, 2, 3.77
1480476734, 0, 2, 500, 500, 90, 8.92%, 0, 2, 2, 3.06
1480476739, 0, 2, 503, 503, 90, 8.93%, 0, 2, 2, 3.80
1480476744, 0, 2, 506, 506, 90, 8.93%, 0, 2, 2, 3.73
1480529000, 0, 2, 507, 507, 90, 8.93%, 0, 2, 2, 3.77
1480529016, 0, 2, 508, 508, 90, 8.94%, 0, 2, 2, 3.77
1480529077, 0, 2, 512, 512, 90, 8.95%, 0, 2, 2, 2.85
1480529082, 0, 2, 515, 515, 90, 8.95%, 0, 2, 2, 3.80
1480529169, 0, 2, 516, 516, 90, 8.95%, 0, 2, 2, 3.80
1480529174, 0, 2, 517, 517, 90, 8.95%, 0, 2, 2, 3.76
1480579787, 0, 2, 518, 518, 90, 8.96%, 0, 2, 2, 3.85
1480586035, 0, 2, 519, 519, 90, 8.96%, 0, 2, 2, 3.86
1480586041, 0, 2, 520, 520, 90, 8.96%, 0, 2, 2, 3.87
1480592265, 0, 2, 523, 523, 90, 8.96%, 0, 2, 2, 3.81
1480592270, 0, 2, 525, 525, 90, 8.98%, 0, 2, 2, 3.78
1480598596, 0, 2, 526, 526, 90, 8.98%, 0, 2, 2, 4.56
1480598673, 0, 2, 527, 527, 90, 8.98%, 0, 2, 2, 4.29
1480598958, 0, 2, 529, 529, 90, 8.98%, 0, 2, 2, 71.32
1480599016, 0, 2, 531, 531, 90, 8.98%, 0, 2, 2, 3.42
1480599021, 0, 2, 533, 533, 90, 8.98%, 0, 2, 2, 3.42
1480599026, 0, 2, 535, 535, 90, 8.98%, 0, 2, 2, 3.88
1480599032, 0, 2, 536, 536, 90, 8.98%, 0, 2, 2, 3.65
1480599037, 0, 2, 537, 537, 90, 8.98%, 0, 2, 2, 4.00
1480599042, 0, 2, 538, 538, 90, 8.98%, 0, 2, 2, 4.03
1480599047, 0, 2, 539, 539, 90, 8.98%, 0, 2, 2, 3.34
1480599052, 0, 2, 542, 542, 90, 9.00%, 0, 3, 2, 4.20
1480599057, 0, 2, 543, 543, 90, 9.00%, 0, 3, 2, 4.55
1480599062, 0, 2, 545, 545, 90, 9.00%, 0, 3, 2, 5.36
1480599068, 0, 2, 547, 547, 90, 9.00%, 0, 3, 2, 4.57
1480599073, 0, 2, 549, 549, 90, 9.01%, 0, 3, 2, 4.53
1480599078, 0, 2, 550, 550, 90, 9.01%, 0, 3, 2, 3.86
1480789313, 0, 2, 550, 550, 90, 9.01%, 0, 4, 2, 21.15
1480874225, 0, 2, 550, 550, 90, 9.01%, 0, 5, 2, 13.06
1480878700, 0, 2, 550, 550, 90, 9.01%, 0, 6, 2, 12.68
1480880525, 0, 2, 550, 550, 90, 9.01%, 0, 7, 2, 12.82
1480884209, 0, 2, 550, 550, 90, 9.01%, 0, 8, 2, 11.34
1480921059, 0, 2, 550, 550, 90, 9.01%, 0, 9, 2, 10.71
1480969849, 0, 2, 551, 551, 90, 9.01%, 0, 9, 2, 22.33
1480970125, 0, 2, 554, 554, 90, 9.01%, 0, 9, 2, 40.96
1480971395, 0, 2, 554, 554, 90, 9.01%, 0, 10, 2, 3.69
1480975344, 0, 2, 554, 554, 90, 9.01%, 0, 11, 2, 3.65
1481045777, 0, 2, 558, 558, 90, 9.01%, 0, 12, 2, 11.08
1481052990, 0, 2, 567, 567, 90, 9.01%, 0, 12, 2, 3.80
1481052995, 0, 2, 570, 570, 90, 9.01%, 0, 12, 2, 8.55
1481053021, 0, 2, 571, 571, 90, 9.01%, 0, 12, 2, 3.71
1481053026, 0, 2, 572, 572, 90, 9.01%, 0, 12, 2, 4.16
1481053067, 0, 2, 573, 573, 90, 9.01%, 0, 12, 2, 4.00
1481053088, 0, 2, 574, 574, 90, 9.01%, 0, 12, 2, 3.77
1481092357, 0, 2, 578, 578, 90, 9.01%, 0, 12, 2, 70.24
1481092382, 0, 2, 584, 584, 90, 9.01%, 0, 12, 2, 3.75
1481092403, 0, 2, 585, 585, 90, 9.01%, 0, 12, 2, 4.38
1481092425, 0, 2, 592, 592, 90, 9.01%, 0, 12, 2, 54.62
1481092430, 0, 2, 597, 597, 90, 9.07%, 0, 12, 2, 4.34
1481092512, 0, 2, 598, 598, 90, 9.07%, 0, 12, 2, 4.66
1481092527, 0, 2, 599, 599, 90, 9.10%, 0, 13, 2, 11.97
1481092645, 0, 2, 599, 599, 90, 9.10%, 0, 14, 2, 4.19
1481092701, 0, 2, 600, 600, 90, 9.11%, 0, 14, 2, 3.77
1481093604, 0, 2, 600, 600, 90, 9.11%, 0, 15, 2, 3.66
1481267106, 0, 2, 601, 601, 90, 9.14%, 0, 15, 2, 99.50
1481267116, 0, 2, 602, 602, 90, 9.16%, 0, 15, 2, 4.22
1481267121, 0, 2, 603, 603, 90, 9.16%, 0, 15, 2, 28.76
1481267126, 0, 2, 604, 604, 90, 9.18%, 0, 15, 2, 13.40
1481267142, 0, 2, 605, 605, 90, 9.18%, 0, 15, 2, 22.14
1481267173, 0, 2, 606, 606, 90, 9.18%, 0, 15, 2, 53.88
1481267183, 0, 2, 608, 608, 90, 9.18%, 1, 15, 2, 3.47
1481267367, 0, 2, 608, 608, 90, 9.18%, 1, 16, 2, 3.79
1481267393, 0, 2, 609, 609, 90, 9.18%, 1, 16, 2, 3.74
1481267547, 0, 2, 609, 609, 90, 9.18%, 1, 17, 2, 3.62
