# unix_time, cycles_done, cur_path, paths_total, pending_total, pending_favs, map_size, unique_crashes, unique_hangs, max_depth, execs_per_sec
1480421258, 0, 0, 447, 447, 88, 8.80%, 0, 0, 2, 21.17
1480421263, 0, 2, 447, 447, 88, 8.80%, 0, 0, 2, 44.31
1480421283, 0, 2, 449, 449, 88, 8.82%, 0, 0, 2, 4.16
1480421293, 0, 2, 452, 452, 88, 8.85%, 0, 0, 2, 35.84
1480421299, 0, 2, 453, 453, 88, 8.86%, 0, 0, 2, 4.15
1480421314, 0, 2, 454, 454, 88, 8.86%, 0, 0, 2, 257.94
1480421329, 0, 2, 455, 455, 88, 8.86%, 0, 0, 2, 4.14
1480421360, 0, 2, 458, 458, 88, 8.89%, 0, 0, 2, 4.15
1480421365, 0, 2, 463, 463, 88, 8.89%, 0, 0, 2, 3.24
1480421370, 0, 2, 468, 468, 88, 8.91%, 0, 1, 2, 9.94
1480421375, 0, 2, 471, 471, 88, 8.91%, 0, 1, 2, 5.64
1480421381, 0, 2, 477, 477, 88, 8.91%, 0, 1, 2, 14.08
1480421406, 0, 2, 478, 478, 88, 8.91%, 0, 1, 2, 4.16
1480421462, 0, 2, 479, 479, 88, 8.91%, 0, 1, 2, 4.13
1480421615, 0, 2, 482, 482, 88, 8.92%, 0, 1, 2, 4.15
1480422410, 0, 2, 483, 483, 88, 8.92%, 0, 1, 2, 25.29
1480422441, 0, 2, 485, 485, 88, 8.92%, 0, 1, 2, 305.00
1480422773, 0, 2, 486, 486, 88, 8.92%, 0, 1, 2, 24.92
1480423535, 0, 2, 487, 487, 88, 8.92%, 0, 1, 2, 25.97
1480424277, 0, 2, 489, 489, 88, 8.92%, 0, 1, 2, 159.28
1480428197, 0, 2, 490, 490, 88, 8.92%, 0, 1, 2, 38.11
1480439653, 0, 2, 491, 491, 88, 8.92%, 0, 1, 2, 22.88
1480446830, 0, 2, 492, 492, 88, 8.92%, 0, 1, 2, 3.83
1480447215, 0, 2, 493, 493, 88, 8.92%, 0, 1, 2, 3.83
1480448918, 0, 2, 493, 493, 88, 8.92%, 0, 2, 2, 3.57
1480476568, 0, 2, 494, 494, 88, 8.92%, 0, 2, 2, 3.21
1480476594, 0, 2, 495, 495, 88, 8.92%, 0, 2, 2, 3.82
1480476635, 0, 2, 496, 496, 88, 8.92%, 0, 3, 2, 3.75
1480476645, 0, 2, 500, 500, 88, 8.92%, 0, 3, 2, 3.07
1480476650, 0, 2, 503, 503, 88, 8.93%, 0, 4, 2, 3.77
1480476656, 0, 2, 506, 506, 88, 8.93%, 0, 4, 2, 3.55
1480528891, 0, 2, 507, 507, 88, 8.93%, 0, 4, 2, 124.11
1480528912, 0, 2, 508, 508, 88, 8.94%, 0, 4, 2, 150.68
1480528969, 0, 2, 512, 512, 88, 8.95%, 0, 4, 2, 2.90
1480528974, 0, 2, 515, 515, 88, 8.95%, 0, 4, 2, 3.86
1480529057, 0, 2, 516, 516, 88, 8.95%, 0, 4, 2, 3.87
1480529062, 0, 2, 517, 517, 88, 8.95%, 0, 4, 2, 3.84
1480579618, 0, 2, 518, 518, 88, 8.96%, 0, 4, 2, 25.64
1480585865, 0, 2, 519, 519, 88, 8.96%, 0, 4, 2, 41.83
1480585870, 0, 2, 520, 520, 88, 8.96%, 0, 4, 2, 3.88
1480592092, 0, 2, 523, 523, 88, 8.96%, 0, 4, 2, 64.52
1480592097, 0, 2, 525, 525, 88, 8.98%, 0, 4, 2, 3.86
1480598420, 0, 2, 526, 526, 88, 8.98%, 0, 4, 2, 4.61
1480598495, 0, 2, 527, 527, 88, 8.98%, 0, 4, 2, 4.37
1480598774, 0, 2, 529, 529, 88, 8.98%, 0, 4, 2, 3.97
1480598831, 0, 2, 531, 531, 88, 8.98%, 0, 4, 2, 3.49
1480598836, 0, 2, 533, 533, 88, 8.98%, 0, 4, 2, 3.48
1480598841, 0, 2, 535, 535, 88, 8.98%, 0, 4, 2, 3.95
1480598846, 0, 2, 536, 536, 88, 8.98%, 0, 4, 2, 3.71
1480598851, 0, 2, 537, 537, 88, 8.98%, 0, 4, 2, 4.05
1480598856, 0, 2, 538, 538, 88, 8.98%, 0, 4, 2, 4.09
1480598861, 0, 2, 539, 539, 88, 8.98%, 0, 4, 2, 3.38
1480598866, 0, 2, 541, 541, 88, 9.00%, 0, 5, 2, 3.95
1480598871, 0, 2, 543, 543, 88, 9.00%, 0, 5, 2, 4.66
1480598876, 0, 2, 545, 545, 88, 9.00%, 0, 5, 2, 5.46
1480598882, 0, 2, 547, 547, 88, 9.00%, 0, 5, 2, 4.66
1480598887, 0, 2, 549, 549, 88, 9.01%, 0, 5, 2, 4.62
1480598892, 0, 2, 550, 550, 88, 9.01%, 0, 5, 2, 3.95
1480789082, 0, 2, 550, 550, 88, 9.01%, 0, 6, 2, 3.34
1480789093, 0, 2, 550, 550, 88, 9.01%, 0, 7, 2, 2.71
1480885150, 0, 2, 550, 550, 88, 9.01%, 0, 8, 2, 3.68
1481006937, 0, 2, 550, 550, 88, 9.01%, 0, 9, 2, 2.62
1481006952, 0, 2, 551, 551, 88, 9.01%, 0, 9, 2, 29.56
1481007308, 0, 2, 551, 551, 88, 9.01%, 0, 10, 2, 2.62
1481007345, 0, 2, 553, 553, 88, 9.01%, 0, 11, 2, 38.29
1481007441, 0, 3, 553, 552, 103, 9.01%, 0, 11, 2, 35.64
1481007508, 0, 3, 557, 556, 103, 9.07%, 0, 11, 2, 4.06
1481007518, 0, 3, 559, 558, 103, 9.11%, 0, 11, 2, 4.12
1481007523, 0, 3, 561, 560, 103, 9.12%, 0, 11, 2, 4.11
1481007528, 0, 3, 564, 563, 103, 9.18%, 0, 11, 2, 4.05
1481007534, 0, 3, 567, 566, 103, 9.21%, 0, 11, 2, 4.13
1481007539, 0, 3, 569, 568, 103, 9.21%, 0, 11, 2, 4.04
1481007544, 0, 3, 570, 569, 103, 9.21%, 0, 11, 2, 4.16
1481007549, 0, 3, 573, 572, 103, 9.22%, 0, 11, 2, 4.05
1481007560, 0, 3, 579, 578, 103, 9.22%, 0, 11, 2, 3.97
1481007570, 0, 3, 580, 579, 103, 9.22%, 0, 11, 2, 3.99
1481007600, 0, 3, 582, 581, 103, 9.22%, 0, 11, 2, 2.78
1481007606, 0, 3, 591, 590, 103, 9.25%, 0, 11, 2, 35.13
1481007686, 0, 3, 592, 591, 103, 9.25%, 0, 11, 2, 3.50
1481007691, 0, 3, 593, 592, 103, 9.25%, 0, 11, 2, 3.08
1481007732, 0, 3, 597, 596, 103, 9.31%, 0, 11, 2, 130.61
1481007742, 0, 3, 601, 600, 103, 9.32%, 0, 11, 2, 5.28
1481007748, 0, 3, 624, 623, 103, 9.46%, 0, 11, 2, 25.23
1481007753, 0, 3, 628, 627, 103, 9.48%, 0, 11, 2, 3.98
1481007833, 0, 3, 631, 630, 103, 9.56%, 0, 11, 2, 7.41
1481007858, 0, 3, 633, 632, 103, 9.56%, 0, 11, 2, 4.22
1481007863, 0, 3, 635, 634, 103, 9.56%, 0, 11, 2, 3.99
1481007974, 0, 3, 636, 635, 103, 9.56%, 0, 11, 2, 4.00
1481007989, 0, 3, 637, 636, 103, 9.56%, 0, 11, 2, 4.00
1481008110, 0, 3, 655, 654, 103, 9.62%, 0, 11, 2, 3.98
1481008145, 0, 3, 662, 661, 103, 9.66%, 0, 11, 2, 3.99
1481008180, 0, 3, 668, 667, 103, 9.66%, 0, 11, 2, 82.59
1481008186, 0, 3, 672, 671, 103, 9.66%, 0, 11, 2, 63.09
1481008196, 0, 3, 673, 672, 103, 9.66%, 0, 11, 2, 42.53
1481008216, 0, 3, 674, 673, 103, 9.66%, 0, 11, 2, 25.64
1481008267, 0, 3, 675, 674, 103, 9.66%, 0, 11, 2, 16.69
1481008272, 0, 3, 677, 676, 103, 9.66%, 0, 11, 2, 15.95
1481008303, 0, 3, 678, 677, 103, 9.66%, 0, 11, 2, 13.90
1481008324, 0, 3, 679, 678, 103, 9.66%, 0, 11, 2, 13.34
1481008777, 0, 3, 680, 679, 103, 9.66%, 0, 11, 2, 355.59
1481017609, 0, 3, 682, 681, 103, 9.67%, 0, 11, 2, 3.98
1481017639, 0, 3, 683, 682, 103, 9.67%, 0, 11, 2, 4.00
1481017675, 0, 3, 686, 685, 103, 9.67%, 0, 11, 2, 3.99
1481017791, 0, 3, 689, 688, 103, 9.69%, 0, 11, 2, 47.02
1481017801, 0, 3, 694, 693, 103, 9.70%, 0, 11, 2, 15.19
1481017806, 0, 3, 696, 695, 103, 9.70%, 0, 11, 2, 10.55
1481017907, 0, 3, 698, 697, 103, 9.70%, 0, 11, 2, 3.99
1481018149, 0, 3, 703, 702, 103, 9.76%, 0, 11, 2, 258.06
1481018184, 0, 3, 704, 703, 103, 9.76%, 0, 11, 2, 3.98
1481018219, 0, 3, 705, 704, 103, 9.76%, 0, 11, 2, 85.04
1481027524, 0, 3, 706, 705, 103, 9.76%, 0, 11, 2, 4.00
1481027549, 0, 3, 707, 706, 103, 9.77%, 0, 11, 2, 3.84
1481027716, 0, 3, 708, 707, 103, 9.77%, 0, 11, 2, 4.00
1481027721, 0, 3, 711, 710, 103, 9.77%, 0, 11, 2, 12.91
1481027726, 0, 3, 713, 712, 103, 9.77%, 0, 11, 2, 8.96
1481028063, 0, 3, 714, 713, 103, 9.77%, 0, 11, 2, 3.99
1481028093, 0, 3, 715, 714, 103, 9.77%, 0, 11, 2, 4.00
1481037283, 0, 3, 716, 715, 103, 9.77%, 0, 11, 2, 4.00
1481038470, 0, 3, 717, 716, 103, 9.77%, 0, 11, 2, 4.00
1481038490, 0, 3, 721, 720, 103, 9.77%, 0, 11, 2, 11.03
1481039688, 0, 3, 724, 723, 103, 9.78%, 0, 11, 2, 65.42
1481040861, 0, 3, 725, 724, 103, 9.78%, 0, 11, 2, 3.99
1481041399, 0, 3, 726, 725, 103, 9.78%, 0, 11, 2, 3.93
1481042224, 0, 3, 727, 726, 103, 9.79%, 0, 11, 2, 4.43
1481042293, 0, 3, 728, 727, 103, 9.79%, 0, 11, 2, 19.42
1481042298, 0, 3, 729, 728, 103, 9.79%, 0, 11, 2, 19.05
1481043018, 0, 3, 730, 729, 103, 9.79%, 0, 11, 2, 4.02
1481043023, 0, 3, 731, 730, 103, 9.79%, 0, 11, 2, 5.13
1481043028, 0, 3, 732, 731, 103, 9.79%, 0, 11, 2, 4.03
1481044726, 0, 3, 734, 733, 103, 9.79%, 0, 11, 2, 575.09
1481044731, 0, 3, 735, 734, 103, 9.81%, 0, 11, 2, 4.04
1481044938, 0, 3, 743, 742, 103, 9.82%, 0, 11, 2, 4.03
1481108446, 0, 3, 744, 743, 103, 9.82%, 0, 11, 2, 83.83
1481133120, 0, 3, 747, 746, 103, 9.83%, 0, 11, 2, 16.58
1481133125, 0, 3, 749, 748, 103, 9.83%, 0, 11, 2, 255.00
1481139651, 0, 3, 758, 757, 103, 9.83%, 0, 11, 2, 4.05
1481139656, 0, 3, 759, 758, 103, 9.83%, 0, 11, 2, 4.04
1481139682, 0, 3, 761, 760, 103, 9.83%, 0, 11, 2, 2.84
1481139760, 0, 3, 762, 761, 103, 9.83%, 0, 11, 2, 54.46
1481139765, 0, 3, 763, 762, 103, 9.83%, 0, 11, 2, 6.14
1481139946, 0, 3, 764, 763, 103, 9.83%, 0, 11, 2, 5.42
1481146562, 0, 3, 768, 767, 103, 9.83%, 0, 11, 2, 35.14
1481146578, 0, 3, 769, 768, 103, 9.83%, 0, 11, 2, 3.98
1481146624, 0, 3, 770, 769, 103, 9.83%, 0, 11, 2, 3.99
1481146931, 0, 3, 771, 770, 103, 9.84%, 0, 11, 2, 193.45
1481146941, 0, 3, 776, 775, 103, 9.84%, 0, 11, 2, 20.84
1481147484, 0, 3, 780, 779, 103, 9.84%, 0, 11, 2, 11.99
1481147629, 0, 3, 783, 782, 103, 9.84%, 0, 11, 2, 232.50
1481147635, 0, 3, 785, 784, 103, 9.84%, 0, 11, 2, 4.03
1481147640, 0, 3, 786, 785, 103, 9.84%, 0, 11, 2, 86.12
1481148363, 0, 3, 787, 786, 103, 9.84%, 0, 11, 2, 4.02
1481176495, 0, 3, 789, 788, 103, 9.87%, 0, 11, 2, 156.12
1481176512, 0, 3, 791, 790, 103, 9.87%, 0, 11, 2, 65.32
1481176518, 0, 3, 792, 791, 103, 9.87%, 0, 11, 2, 10.03
1481176523, 0, 3, 793, 792, 103, 9.87%, 0, 11, 2, 4.02
1481176549, 0, 3, 794, 793, 103, 9.87%, 0, 11, 2, 6.09
1481177009, 0, 3, 798, 797, 103, 9.88%, 0, 11, 2, 13.98
1481177015, 0, 3, 805, 804, 103, 9.88%, 0, 11, 2, 17.01
1481177124, 0, 3, 806, 805, 103, 9.88%, 0, 11, 2, 74.70
1481177740, 0, 3, 807, 806, 103, 9.88%, 0, 11, 2, 4.03
1481177926, 0, 3, 808, 807, 103, 9.88%, 0, 11, 2, 38.46
1481224535, 0, 3, 809, 808, 103, 9.88%, 0, 11, 2, 3.99
1481224544, 0, 3, 810, 809, 103, 9.88%, 0, 11, 2, 4.00
1481224579, 0, 3, 811, 810, 103, 9.88%, 0, 11, 2, 12.05
1481224605, 0, 3, 812, 811, 103, 9.88%, 0, 11, 2, 23.32
1481224615, 0, 3, 814, 813, 103, 9.88%, 0, 11, 2, 2.78
1481224636, 0, 3, 815, 814, 103, 9.88%, 0, 11, 2, 8.48
1481225229, 0, 3, 821, 820, 103, 9.88%, 0, 11, 2, 225.96
1481225433, 0, 3, 822, 821, 103, 9.88%, 0, 11, 2, 755.00
1481226035, 0, 3, 823, 822, 103, 9.88%, 0, 11, 2, 3.97
1481226460, 0, 3, 824, 823, 103, 9.88%, 0, 11, 2, 4.00
1481226466, 0, 3, 825, 824, 103, 9.88%, 0, 11, 2, 940.52
1481226476, 0, 3, 826, 825, 103, 9.88%, 0, 11, 2, 3.97
1481226501, 0, 3, 827, 826, 103, 9.88%, 0, 11, 2, 3.98
1481226549, 0, 3, 828, 827, 103, 9.88%, 0, 11, 2, 3.97
1481226625, 0, 3, 829, 828, 103, 9.88%, 0, 11, 2, 3.98
1481226650, 0, 3, 831, 830, 103, 9.88%, 0, 11, 2, 3.98
1481226665, 0, 3, 833, 832, 103, 9.88%, 0, 11, 2, 6.71
1481283431, 0, 3, 836, 835, 103, 9.88%, 0, 11, 2, 109.94
1481283436, 0, 3, 842, 841, 103, 9.88%, 0, 11, 2, 112.84
1481283441, 0, 3, 847, 846, 103, 9.88%, 0, 11, 2, 134.53
1481283446, 0, 3, 854, 853, 103, 9.88%, 0, 11, 2, 122.52
1481283451, 0, 3, 856, 855, 103, 9.88%, 0, 11, 2, 122.55
1481283456, 0, 3, 857, 856, 103, 9.89%, 0, 11, 2, 112.17
1481283462, 0, 3, 860, 859, 103, 9.89%, 0, 11, 2, 114.66
1481283467, 0, 3, 864, 863, 103, 9.89%, 0, 11, 2, 109.64
1481283472, 0, 3, 866, 865, 103, 9.89%, 0, 11, 2, 107.88
1481283477, 0, 3, 867, 866, 103, 9.89%, 0, 11, 2, 136.38
1481283482, 0, 3, 871, 870, 103, 9.89%, 0, 11, 2, 136.74
1481283487, 0, 3, 872, 871, 103, 9.89%, 0, 11, 2, 111.65
1481283492, 0, 3, 875, 873, 102, 9.89%, 0, 13, 2, 15.99
1481283497, 0, 3, 877, 875, 102, 9.89%, 0, 17, 2, 13.90
1481283502, 0, 3, 878, 876, 102, 9.89%, 0, 20, 2, 4.12
1481283508, 0, 3, 881, 879, 102, 9.89%, 0, 21, 2, 14.00
1481283513, 0, 3, 884, 882, 102, 9.91%, 0, 23, 2, 10.02
1481283518, 0, 3, 886, 884, 102, 9.91%, 0, 24, 2, 14.66
1481283523, 0, 3, 887, 885, 102, 9.94%, 0, 26, 2, 14.56
1481283528, 0, 3, 887, 885, 102, 9.94%, 0, 29, 2, 5.00
1481283533, 0, 3, 888, 886, 102, 9.94%, 0, 30, 2, 16.51
1481283538, 0, 3, 889, 887, 102, 10.00%, 0, 30, 2, 11.60
1481283544, 0, 3, 893, 891, 102, 10.00%, 0, 31, 2, 17.36
1481283549, 0, 3, 896, 894, 102, 10.00%, 0, 32, 2, 44.32
1481283554, 0, 3, 930, 928, 102, 12.16%, 0, 34, 2, 123.83
1481283559, 0, 3, 971, 969, 102, 12.58%, 0, 34, 2, 3.44
1481283565, 0, 3, 994, 992, 102, 12.71%, 0, 35, 2, 53.75
1481283570, 0, 3, 1022, 1020, 102, 12.89%, 0, 35, 2, 7.66
1481283575, 0, 3, 1046, 1044, 102, 12.94%, 0, 35, 2, 5.67
1481283580, 0, 3, 1057, 1055, 102, 12.94%, 0, 35, 2, 4.06
1481283585, 0, 3, 1077, 1075, 102, 13.02%, 0, 35, 2, 2.63
1481283591, 0, 3, 1106, 1104, 102, 13.12%, 0, 35, 2, 14.13
1481283596, 0, 3, 1121, 1119, 102, 13.17%, 0, 35, 2, 5.68
1481283601, 0, 3, 1154, 1152, 102, 13.21%, 0, 37, 2, 5.46
1481283606, 0, 3, 1190, 1188, 102, 13.26%, 0, 38, 2, 29.50
1481283611, 0, 3, 1218, 1216, 102, 13.28%, 0, 38, 2, 2.48
1481283616, 0, 3, 1241, 1239, 102, 13.31%, 0, 39, 2, 58.04
1481283621, 0, 3, 1255, 1253, 102, 13.35%, 0, 40, 2, 118.81
1481283627, 0, 3, 1262, 1260, 102, 13.35%, 0, 40, 2, 45.42
1481283632, 0, 3, 1278, 1276, 102, 13.36%, 0, 40, 2, 96.50
1481283637, 0, 3, 1285, 1283, 102, 13.38%, 0, 40, 2, 2.61
1481283642, 0, 3, 1293, 1291, 102, 13.38%, 0, 40, 2, 2.64
1481283647, 0, 3, 1319, 1317, 102, 13.42%, 0, 40, 2, 69.55
1481283652, 0, 3, 1345, 1343, 102, 13.43%, 0, 40, 2, 16.60
1481283658, 0, 3, 1374, 1372, 102, 13.47%, 0, 40, 2, 2.62
1481283663, 0, 3, 1410, 1408, 102, 13.53%, 0, 40, 2, 11.63
1481283668, 0, 3, 1449, 1447, 102, 13.54%, 0, 40, 2, 3.47
1481283673, 0, 3, 1460, 1458, 102, 13.54%, 0, 40, 2, 171.03
1481283679, 0, 3, 1473, 1471, 102, 13.55%, 0, 40, 2, 109.15
1481283684, 0, 3, 1489, 1487, 102, 13.55%, 0, 40, 2, 20.93
1481283689, 0, 3, 1540, 1538, 102, 13.58%, 0, 40, 2, 132.59
1481283694, 0, 3, 1560, 1558, 102, 13.59%, 0, 40, 2, 13.16
1481283699, 0, 3, 1585, 1583, 102, 13.60%, 0, 41, 2, 5.08
1481283704, 0, 3, 1620, 1618, 102, 13.61%, 0, 41, 2, 153.27
1481283709, 0, 3, 1656, 1654, 102, 13.62%, 0, 41, 2, 2.66
1481283714, 0, 3, 1660, 1658, 102, 13.62%, 0, 41, 2, 2.65
1481283720, 0, 3, 1666, 1664, 102, 13.64%, 0, 41, 2, 2.65
1481283725, 0, 3, 1681, 1679, 102, 13.64%, 0, 41, 2, 9.66
1481283730, 0, 3, 1692, 1690, 102, 13.64%, 0, 41, 2, 2.66
1481283735, 0, 3, 1734, 1732, 102, 13.65%, 0, 41, 2, 10.46
1481283740, 0, 3, 1772, 1770, 102, 13.67%, 0, 41, 2, 2.68
1481283745, 0, 3, 1787, 1785, 102, 13.67%, 0, 41, 2, 2.66
1481283751, 0, 3, 1804, 1802, 102, 13.67%, 0, 41, 2, 2.66
1481283756, 0, 3, 1825, 1823, 102, 13.67%, 0, 41, 2, 121.20
1481283761, 0, 3, 1843, 1841, 102, 13.67%, 0, 42, 2, 141.67
1481283766, 0, 3, 1872, 1870, 102, 13.69%, 0, 42, 2, 2.65
1481283771, 0, 3, 1898, 1896, 102, 13.70%, 0, 43, 2, 70.23
1481283776, 0, 3, 1928, 1926, 102, 13.71%, 0, 43, 2, 56.73
1481283781, 0, 3, 1946, 1944, 102, 13.72%, 0, 43, 2, 5.46
1481283787, 0, 3, 1969, 1967, 102, 13.74%, 0, 43, 2, 11.86
1481283792, 0, 3, 2010, 2008, 102, 13.74%, 0, 43, 2, 32.43
1481283797, 0, 3, 2028, 2026, 102, 13.75%, 0, 43, 2, 92.42
1481283802, 0, 3, 2062, 2060, 102, 13.77%, 0, 43, 2, 2.65
1481283807, 0, 3, 2068, 2066, 102, 13.77%, 0, 43, 2, 8.35
1481283812, 0, 3, 2077, 2075, 102, 13.77%, 0, 43, 2, 7.52
1481283817, 0, 3, 2102, 2100, 102, 13.79%, 0, 43, 2, 282.93
1481283822, 0, 3, 2128, 2126, 102, 13.79%, 0, 43, 2, 255.00
1481283828, 0, 3, 2144, 2142, 102, 13.79%, 0, 43, 2, 2.65
1481283833, 0, 3, 2171, 2169, 102, 13.80%, 0, 43, 2, 44.09
1481283838, 0, 3, 2201, 2199, 102, 13.80%, 0, 43, 2, 5.75
1481283843, 0, 3, 2231, 2229, 102, 13.81%, 0, 43, 2, 96.57
1481283848, 0, 3, 2249, 2247, 102, 13.81%, 0, 43, 2, 2.80
1481283853, 0, 3, 2278, 2276, 102, 13.81%, 0, 43, 2, 12.53
1481283859, 0, 3, 2295, 2293, 102, 13.85%, 0, 43, 2, 4.57
1481283864, 0, 3, 2311, 2309, 102, 13.85%, 0, 43, 2, 2.67
1481283869, 0, 3, 2327, 2325, 102, 13.85%, 0, 44, 2, 51.01
1481283874, 0, 3, 2344, 2342, 102, 13.86%, 0, 44, 2, 9.95
1481283879, 0, 3, 2358, 2356, 102, 13.86%, 0, 44, 2, 218.91
1481283884, 0, 3, 2383, 2381, 102, 13.88%, 0, 44, 2, 2.67
1481283890, 0, 3, 2387, 2385, 102, 13.88%, 0, 44, 2, 9.68
1481283895, 0, 3, 2425, 2423, 102, 13.90%, 0, 44, 2, 77.61
1481283900, 0, 3, 2469, 2467, 102, 13.91%, 0, 44, 2, 21.38
1481283905, 0, 3, 2483, 2481, 102, 13.91%, 0, 44, 2, 2.65
1481283910, 0, 3, 2486, 2484, 102, 13.91%, 0, 44, 2, 4.44
1481283915, 0, 3, 2491, 2489, 102, 13.91%, 0, 44, 2, 130.00
1481283921, 0, 3, 2500, 2498, 102, 13.91%, 0, 44, 2, 2.65
1481283926, 0, 3, 2540, 2538, 102, 13.95%, 0, 44, 2, 149.25
1481283931, 0, 3, 2581, 2579, 102, 13.95%, 0, 44, 2, 107.86
1481283936, 0, 3, 2626, 2624, 102, 13.97%, 0, 44, 2, 21.58
1481283941, 0, 3, 2665, 2663, 102, 13.97%, 0, 44, 2, 213.93
1481283946, 0, 3, 2669, 2667, 102, 13.97%, 0, 44, 2, 2.66
1481283952, 0, 3, 2697, 2695, 102, 13.98%, 0, 45, 2, 31.79
1481283957, 0, 3, 2719, 2717, 102, 13.98%, 0, 45, 2, 10.42
1481283963, 0, 3, 2756, 2754, 102, 13.99%, 0, 45, 2, 95.43
1481283968, 0, 3, 2765, 2763, 102, 13.99%, 0, 45, 2, 74.72
1481283973, 0, 3, 2801, 2799, 102, 14.00%, 0, 45, 2, 83.55
1481283978, 0, 3, 2821, 2819, 102, 14.01%, 0, 45, 2, 27.50
1481283983, 0, 3, 2852, 2850, 102, 14.02%, 0, 45, 2, 3.36
1481283989, 0, 3, 2868, 2866, 102, 14.02%, 0, 45, 2, 81.53
1481283994, 0, 3, 2889, 2887, 102, 14.03%, 0, 45, 2, 6.21
1481283999, 0, 3, 2914, 2912, 102, 14.03%, 0, 45, 2, 10.66
1481284004, 0, 3, 2923, 2921, 102, 14.03%, 0, 45, 2, 2.65
1481284010, 0, 3, 2942, 2940, 102, 14.03%, 0, 45, 2, 10.34
1481284015, 0, 3, 2952, 2950, 102, 14.03%, 0, 45, 2, 2.68
1481284020, 0, 3, 2973, 2971, 102, 14.04%, 0, 45, 2, 6.11
1481284025, 0, 3, 2991, 2989, 102, 14.04%, 0, 45, 2, 82.31
1481284030, 0, 3, 2997, 2995, 102, 14.04%, 0, 45, 2, 2.65
1481284035, 0, 3, 3020, 3018, 102, 14.04%, 0, 45, 2, 2.68
1481284041, 0, 3, 3046, 3044, 102, 14.05%, 0, 45, 2, 39.84
1481284046, 0, 3, 3057, 3055, 102, 14.05%, 0, 46, 2, 2.63
1481284051, 0, 3, 3074, 3072, 102, 14.05%, 0, 46, 2, 2.83
1481284056, 0, 3, 3096, 3094, 102, 14.05%, 0, 46, 2, 59.31
1481284061, 0, 3, 3123, 3121, 102, 14.05%, 0, 46, 2, 71.55
1481284067, 0, 3, 3161, 3159, 102, 14.06%, 0, 46, 2, 87.38
1481284072, 0, 3, 3171, 3169, 102, 14.06%, 0, 46, 2, 16.49
1481284077, 0, 3, 3188, 3186, 102, 14.06%, 0, 46, 2, 26.73
1481284082, 0, 3, 3206, 3204, 102, 14.06%, 0, 46, 2, 2.65
1481284087, 0, 3, 3219, 3217, 102, 14.06%, 0, 46, 2, 4.74
1481284093, 0, 3, 3244, 3242, 102, 14.07%, 0, 46, 2, 193.66
1481284098, 0, 3, 3260, 3258, 102, 14.07%, 0, 46, 2, 78.79
1481284103, 0, 3, 3275, 3273, 102, 14.07%, 0, 46, 2, 75.95
1481284108, 0, 3, 3285, 3283, 102, 14.08%, 0, 46, 2, 133.10
1481284113, 0, 3, 3288, 3286, 102, 14.08%, 0, 46, 2, 16.70
1481284134, 0, 3, 3289, 3287, 102, 14.08%, 0, 46, 2, 2.67
1481284196, 0, 3, 3290, 3288, 102, 14.08%, 0, 46, 2, 44.78
1481284221, 0, 3, 3290, 3288, 102, 14.08%, 0, 47, 2, 12.26
1481284232, 0, 3, 3291, 3289, 102, 14.08%, 0, 47, 2, 39.70
1481284263, 0, 3, 3292, 3290, 102, 14.08%, 0, 47, 2, 37.89
1481284273, 0, 3, 3293, 3291, 102, 14.08%, 0, 47, 2, 2.62
1481284278, 0, 24, 3293, 3290, 394, 14.08%, 0, 47, 2, 910.38
1481284283, 0, 30, 3293, 3288, 392, 14.08%, 0, 47, 2, 1101.72
1481284355, 0, 45, 3293, 3287, 391, 14.08%, 0, 47, 2, 1241.08
1481284406, 0, 47, 3293, 3286, 390, 14.08%, 0, 47, 2, 1264.57
1481284463, 0, 61, 3293, 3285, 389, 14.08%, 0, 47, 2, 1266.10
1481284519, 0, 109, 3293, 3284, 388, 14.08%, 0, 47, 2, 1284.47
1481284560, 0, 111, 3293, 3283, 387, 14.08%, 0, 47, 2, 1270.35
1481284616, 0, 194, 3293, 3282, 386, 14.08%, 0, 47, 2, 87.96
